 VARIABLES = t,L1,L2,Linf
   0.0000000000000000        0.0000000000000000        0.0000000000000000        0.0000000000000000     
   2.1875178076709439E-004   0.0000000000000000        0.0000000000000000        0.0000000000000000     
   4.3741388689107387E-004   0.0000000000000000        0.0000000000000000        0.0000000000000000     
   6.5616566765816823E-004   0.0000000000000000        0.0000000000000000        0.0000000000000000     
   8.7482465010966810E-004   0.0000000000000000        0.0000000000000000        0.0000000000000000     
   1.0935764243395168E-003   0.0000000000000000        0.0000000000000000        0.0000000000000000     
   1.3123282051066111E-003   0.0000000000000000        0.0000000000000000        0.0000000000000000     
   1.5310066760405533E-003   0.0000000000000000        0.0000000000000000        0.0000000000000000     
   1.7497584568076476E-003   0.0000000000000000        0.0000000000000000        0.0000000000000000     
   1.9685102375747417E-003   0.0000000000000000        0.0000000000000000        0.0000000000000000     
   2.1872475252344118E-003   0.0000000000000000        0.0000000000000000        0.0000000000000000     
   2.4059993060015061E-003   0.0000000000000000        0.0000000000000000        0.0000000000000000     
   2.6247510867686004E-003   0.0000000000000000        0.0000000000000000        0.0000000000000000     
   2.8435028675356947E-003   0.0000000000000000        0.0000000000000000        0.0000000000000000     
   3.0622546483027890E-003   0.0000000000000000        0.0000000000000000        0.0000000000000000     
   3.2810064290698833E-003   0.0000000000000000        0.0000000000000000        0.0000000000000000     
   3.4997582098369776E-003   0.0000000000000000        0.0000000000000000        0.0000000000000000     
   3.7185099906040719E-003   0.0000000000000000        0.0000000000000000        0.0000000000000000     
   3.9372617713711658E-003   0.0000000000000000        0.0000000000000000        0.0000000000000000     
   4.1560135521382597E-003   0.0000000000000000        0.0000000000000000        0.0000000000000000     
   4.3747653329053535E-003   0.0000000000000000        0.0000000000000000        0.0000000000000000     
   4.5935171136724474E-003   0.0000000000000000        0.0000000000000000        0.0000000000000000     
   4.8122688933014439E-003   0.0000000000000000        0.0000000000000000        0.0000000000000000     
   5.0310206740685377E-003   0.0000000000000000        0.0000000000000000        0.0000000000000000     
   5.2497724548356316E-003   0.0000000000000000        0.0000000000000000        0.0000000000000000     
   5.4685242356027255E-003   0.0000000000000000        0.0000000000000000        0.0000000000000000     
   5.6872760163698194E-003   0.0000000000000000        0.0000000000000000        0.0000000000000000     
   5.9060277971369132E-003   0.0000000000000000        0.0000000000000000        0.0000000000000000     
   6.1247795779040071E-003   0.0000000000000000        0.0000000000000000        0.0000000000000000     
   6.3435313586711010E-003   0.0000000000000000        0.0000000000000000        0.0000000000000000     
   6.5622831394381948E-003   0.0000000000000000        0.0000000000000000        0.0000000000000000     
   6.7810349202052887E-003   0.0000000000000000        0.0000000000000000        0.0000000000000000     
   6.9997867009723826E-003   0.0000000000000000        0.0000000000000000        0.0000000000000000     
   7.2185384817394765E-003   0.0000000000000000        0.0000000000000000        0.0000000000000000     
   7.4372902625065703E-003   0.0000000000000000        0.0000000000000000        0.0000000000000000     
   7.6560420432736642E-003   0.0000000000000000        0.0000000000000000        0.0000000000000000     
   7.8747938240407590E-003   0.0000000000000000        0.0000000000000000        0.0000000000000000     
   8.0935456048078537E-003   0.0000000000000000        0.0000000000000000        0.0000000000000000     
   8.3122973855749484E-003   0.0000000000000000        0.0000000000000000        0.0000000000000000     
   8.5310491663420432E-003   0.0000000000000000        0.0000000000000000        0.0000000000000000     
   8.7498009471091379E-003   0.0000000000000000        0.0000000000000000        0.0000000000000000     
   8.9685527278762327E-003   0.0000000000000000        0.0000000000000000        0.0000000000000000     
   9.1873045086433274E-003   0.0000000000000000        0.0000000000000000        0.0000000000000000     
   9.4060562894104222E-003   0.0000000000000000        0.0000000000000000        0.0000000000000000     
   9.6248080701775169E-003   0.0000000000000000        0.0000000000000000        0.0000000000000000     
   9.8435598509446116E-003   0.0000000000000000        0.0000000000000000        0.0000000000000000     
   1.0062311631711706E-002   0.0000000000000000        0.0000000000000000        0.0000000000000000     
   1.0281063412478801E-002   0.0000000000000000        0.0000000000000000        0.0000000000000000     
   1.0499815193245896E-002   0.0000000000000000        0.0000000000000000        0.0000000000000000     
   1.0718566974012991E-002   0.0000000000000000        0.0000000000000000        0.0000000000000000     
   1.0937318754780085E-002   0.0000000000000000        0.0000000000000000        0.0000000000000000     
   1.1156070535547180E-002   0.0000000000000000        0.0000000000000000        0.0000000000000000     
   1.1374822316314275E-002   0.0000000000000000        0.0000000000000000        0.0000000000000000     
   1.1593574097081370E-002   0.0000000000000000        0.0000000000000000        0.0000000000000000     
   1.1812325877848464E-002   0.0000000000000000        0.0000000000000000        0.0000000000000000     
   1.2031077658615559E-002   0.0000000000000000        0.0000000000000000        0.0000000000000000     
   1.2249829439382654E-002   0.0000000000000000        0.0000000000000000        0.0000000000000000     
   1.2468581220149749E-002   0.0000000000000000        0.0000000000000000        0.0000000000000000     
   1.2687333000916843E-002   0.0000000000000000        0.0000000000000000        0.0000000000000000     
   1.2906084781683938E-002   0.0000000000000000        0.0000000000000000        0.0000000000000000     
   1.3124836562451033E-002   0.0000000000000000        0.0000000000000000        0.0000000000000000     
   1.3343588343218128E-002   0.0000000000000000        0.0000000000000000        0.0000000000000000     
   1.3562340123985222E-002   0.0000000000000000        0.0000000000000000        0.0000000000000000     
   1.3781091904752317E-002   0.0000000000000000        0.0000000000000000        0.0000000000000000     
   1.3999843685519412E-002   0.0000000000000000        0.0000000000000000        0.0000000000000000     
   1.4218595466286506E-002   0.0000000000000000        0.0000000000000000        0.0000000000000000     
   1.4437347247053601E-002   0.0000000000000000        0.0000000000000000        0.0000000000000000     
   1.4656099027820696E-002   0.0000000000000000        0.0000000000000000        0.0000000000000000     
   1.4874850808587791E-002   0.0000000000000000        0.0000000000000000        0.0000000000000000     
   1.5093602589354885E-002   0.0000000000000000        0.0000000000000000        0.0000000000000000     
   1.5312354370121980E-002   0.0000000000000000        0.0000000000000000        0.0000000000000000     
   1.5531106150889075E-002   0.0000000000000000        0.0000000000000000        0.0000000000000000     
   1.5749857931656168E-002   0.0000000000000000        0.0000000000000000        0.0000000000000000     
   1.5968609712423261E-002   0.0000000000000000        0.0000000000000000        0.0000000000000000     
   1.6187361493190354E-002   0.0000000000000000        0.0000000000000000        0.0000000000000000     
   1.6406113273957447E-002   0.0000000000000000        0.0000000000000000        0.0000000000000000     
   1.6624865054724540E-002   0.0000000000000000        0.0000000000000000        0.0000000000000000     
   1.6843616835490838E-002   0.0000000000000000        0.0000000000000000        0.0000000000000000     
   1.7062368616257931E-002   0.0000000000000000        0.0000000000000000        0.0000000000000000     
   1.7281120397025024E-002   0.0000000000000000        0.0000000000000000        0.0000000000000000     
   1.7499872177792117E-002   0.0000000000000000        0.0000000000000000        0.0000000000000000     
   1.7718623958559210E-002   0.0000000000000000        0.0000000000000000        0.0000000000000000     
   1.7937375739326303E-002   0.0000000000000000        0.0000000000000000        0.0000000000000000     
   1.8156127520093397E-002   0.0000000000000000        0.0000000000000000        0.0000000000000000     
   1.8374879300860490E-002   0.0000000000000000        0.0000000000000000        0.0000000000000000     
   1.8593631081627583E-002   0.0000000000000000        0.0000000000000000        0.0000000000000000     
   1.8812382862394676E-002   0.0000000000000000        0.0000000000000000        0.0000000000000000     
   1.9031134643161769E-002   0.0000000000000000        0.0000000000000000        0.0000000000000000     
   1.9249886423928862E-002   0.0000000000000000        0.0000000000000000        0.0000000000000000     
   1.9468638204695955E-002   0.0000000000000000        0.0000000000000000        0.0000000000000000     
   1.9687389985463048E-002   0.0000000000000000        0.0000000000000000        0.0000000000000000     
   1.9906141766230141E-002   0.0000000000000000        0.0000000000000000        0.0000000000000000     
   2.0124893546997234E-002   0.0000000000000000        0.0000000000000000        0.0000000000000000     
   2.0343645327764327E-002   0.0000000000000000        0.0000000000000000        0.0000000000000000     
   2.0562397108531420E-002   0.0000000000000000        0.0000000000000000        0.0000000000000000     
   2.0781148889298513E-002   0.0000000000000000        0.0000000000000000        0.0000000000000000     
   2.0999900670065606E-002   0.0000000000000000        0.0000000000000000        0.0000000000000000     
   2.1218652450832699E-002   0.0000000000000000        0.0000000000000000        0.0000000000000000     
   2.1437404231599792E-002   0.0000000000000000        0.0000000000000000        0.0000000000000000     
   2.1656156012366885E-002   0.0000000000000000        0.0000000000000000        0.0000000000000000     
   2.1874907793133978E-002   0.0000000000000000        0.0000000000000000        0.0000000000000000     
   2.2093659573901071E-002   0.0000000000000000        0.0000000000000000        0.0000000000000000     
   2.2312411354668164E-002   0.0000000000000000        0.0000000000000000        0.0000000000000000     
   2.2531163135435257E-002   0.0000000000000000        0.0000000000000000        0.0000000000000000     
   2.2749914916200858E-002   0.0000000000000000        0.0000000000000000        0.0000000000000000     
   2.2968666696967951E-002   0.0000000000000000        0.0000000000000000        0.0000000000000000     
   2.3187418477735044E-002   0.0000000000000000        0.0000000000000000        0.0000000000000000     
   2.3406170258502137E-002   0.0000000000000000        0.0000000000000000        0.0000000000000000     
   2.3624922039269230E-002   0.0000000000000000        0.0000000000000000        0.0000000000000000     
   2.3843673820036323E-002   0.0000000000000000        0.0000000000000000        0.0000000000000000     
   2.4062425600803416E-002   0.0000000000000000        0.0000000000000000        0.0000000000000000     
   2.4281177381570509E-002   0.0000000000000000        0.0000000000000000        0.0000000000000000     
   2.4499929162337602E-002   0.0000000000000000        0.0000000000000000        0.0000000000000000     
   2.4718680943104695E-002   0.0000000000000000        0.0000000000000000        0.0000000000000000     
   2.4937432723871788E-002   0.0000000000000000        0.0000000000000000        0.0000000000000000     
   2.5156184504638881E-002   0.0000000000000000        0.0000000000000000        0.0000000000000000     
   2.5374936285405974E-002   0.0000000000000000        0.0000000000000000        0.0000000000000000     
   2.5593688066173067E-002   0.0000000000000000        0.0000000000000000        0.0000000000000000     
   2.5812439846940160E-002   0.0000000000000000        0.0000000000000000        0.0000000000000000     
   2.6031191627707253E-002   0.0000000000000000        0.0000000000000000        0.0000000000000000     
   2.6249943408474346E-002   0.0000000000000000        0.0000000000000000        0.0000000000000000     
   2.6468695189241439E-002   0.0000000000000000        0.0000000000000000        0.0000000000000000     
   2.6687446970008532E-002   0.0000000000000000        0.0000000000000000        0.0000000000000000     
   2.6906198750775625E-002   0.0000000000000000        0.0000000000000000        0.0000000000000000     
   2.7124950531542718E-002   0.0000000000000000        0.0000000000000000        0.0000000000000000     
   2.7343702312309811E-002   0.0000000000000000        0.0000000000000000        0.0000000000000000     
   2.7562454093076904E-002   0.0000000000000000        0.0000000000000000        0.0000000000000000     
   2.7781205873843997E-002   0.0000000000000000        0.0000000000000000        0.0000000000000000     
   2.7999957654611090E-002   0.0000000000000000        0.0000000000000000        0.0000000000000000     
   2.8218709435378183E-002   0.0000000000000000        0.0000000000000000        0.0000000000000000     
   2.8437461216145276E-002   0.0000000000000000        0.0000000000000000        0.0000000000000000     
   2.8656212996912369E-002   0.0000000000000000        0.0000000000000000        0.0000000000000000     
   2.8874964777679462E-002   0.0000000000000000        0.0000000000000000        0.0000000000000000     
   2.9093716558446555E-002   0.0000000000000000        0.0000000000000000        0.0000000000000000     
   2.9312468339213648E-002   0.0000000000000000        0.0000000000000000        0.0000000000000000     
   2.9531220119980741E-002   0.0000000000000000        0.0000000000000000        0.0000000000000000     
   2.9749971900747834E-002   0.0000000000000000        0.0000000000000000        0.0000000000000000     
   2.9968723681514927E-002   0.0000000000000000        0.0000000000000000        0.0000000000000000     
   3.0187475462282020E-002   0.0000000000000000        0.0000000000000000        0.0000000000000000     
   3.0406227243049113E-002   0.0000000000000000        0.0000000000000000        0.0000000000000000     
   3.0624979023816206E-002   0.0000000000000000        0.0000000000000000        0.0000000000000000     
   3.0843730804583299E-002   0.0000000000000000        0.0000000000000000        0.0000000000000000     
   3.1062482585350392E-002   0.0000000000000000        0.0000000000000000        0.0000000000000000     
   3.1281234366117489E-002   0.0000000000000000        0.0000000000000000        0.0000000000000000     
   3.1499986146884582E-002   0.0000000000000000        0.0000000000000000        0.0000000000000000     
   3.1718737927651675E-002   0.0000000000000000        0.0000000000000000        0.0000000000000000     
   3.1937489708418768E-002   0.0000000000000000        0.0000000000000000        0.0000000000000000     
   3.2156241489185861E-002   0.0000000000000000        0.0000000000000000        0.0000000000000000     
   3.2374993269952954E-002   0.0000000000000000        0.0000000000000000        0.0000000000000000     
   3.2593745050720047E-002   0.0000000000000000        0.0000000000000000        0.0000000000000000     
   3.2812496831487140E-002   0.0000000000000000        0.0000000000000000        0.0000000000000000     
   3.3031248612254233E-002   0.0000000000000000        0.0000000000000000        0.0000000000000000     
   3.3250000393021326E-002   0.0000000000000000        0.0000000000000000        0.0000000000000000     
   3.3468752173788419E-002   0.0000000000000000        0.0000000000000000        0.0000000000000000     
   3.3687503954555512E-002   0.0000000000000000        0.0000000000000000        0.0000000000000000     
   3.3906255735322605E-002   0.0000000000000000        0.0000000000000000        0.0000000000000000     
   3.4125007516089698E-002   0.0000000000000000        0.0000000000000000        0.0000000000000000     
   3.4343759296856791E-002   0.0000000000000000        0.0000000000000000        0.0000000000000000     
   3.4562511077623884E-002   0.0000000000000000        0.0000000000000000        0.0000000000000000     
   3.4781262858390977E-002   0.0000000000000000        0.0000000000000000        0.0000000000000000     
   3.5000014639158070E-002   0.0000000000000000        0.0000000000000000        0.0000000000000000     
   3.5218766419925163E-002   0.0000000000000000        0.0000000000000000        0.0000000000000000     
   3.5437518200692256E-002   0.0000000000000000        0.0000000000000000        0.0000000000000000     
   3.5656269981459349E-002   0.0000000000000000        0.0000000000000000        0.0000000000000000     
   3.5875021762226442E-002   0.0000000000000000        0.0000000000000000        0.0000000000000000     
   3.6093773542993535E-002   0.0000000000000000        0.0000000000000000        0.0000000000000000     
   3.6312525323760628E-002   0.0000000000000000        0.0000000000000000        0.0000000000000000     
   3.6531277104527721E-002   0.0000000000000000        0.0000000000000000        0.0000000000000000     
   3.6750028885294814E-002   0.0000000000000000        0.0000000000000000        0.0000000000000000     
   3.6968780666061907E-002   0.0000000000000000        0.0000000000000000        0.0000000000000000     
   3.7187532446829000E-002   0.0000000000000000        0.0000000000000000        0.0000000000000000     
   3.7406284227596093E-002   0.0000000000000000        0.0000000000000000        0.0000000000000000     
   3.7625036008363186E-002   0.0000000000000000        0.0000000000000000        0.0000000000000000     
   3.7843787789130279E-002   0.0000000000000000        0.0000000000000000        0.0000000000000000     
   3.8062539569897372E-002   0.0000000000000000        0.0000000000000000        0.0000000000000000     
   3.8281291350664465E-002   0.0000000000000000        0.0000000000000000        0.0000000000000000     
   3.8500043131431558E-002   0.0000000000000000        0.0000000000000000        0.0000000000000000     
   3.8718794912198651E-002   0.0000000000000000        0.0000000000000000        0.0000000000000000     
   3.8937546692965744E-002   0.0000000000000000        0.0000000000000000        0.0000000000000000     
   3.9156298473732837E-002   0.0000000000000000        0.0000000000000000        0.0000000000000000     
   3.9375050254499930E-002   0.0000000000000000        0.0000000000000000        0.0000000000000000     
   3.9593802035267023E-002   0.0000000000000000        0.0000000000000000        0.0000000000000000     
   3.9812553816034116E-002   0.0000000000000000        0.0000000000000000        0.0000000000000000     
   4.0031305596801209E-002   0.0000000000000000        0.0000000000000000        0.0000000000000000     
   4.0250057377568302E-002   0.0000000000000000        0.0000000000000000        0.0000000000000000     
   4.0468809158335395E-002   0.0000000000000000        0.0000000000000000        0.0000000000000000     
   4.0687560939102488E-002   0.0000000000000000        0.0000000000000000        0.0000000000000000     
   4.0906312719869581E-002   0.0000000000000000        0.0000000000000000        0.0000000000000000     
   4.1125064500636674E-002   0.0000000000000000        0.0000000000000000        0.0000000000000000     
   4.1343816281403767E-002   0.0000000000000000        0.0000000000000000        0.0000000000000000     
   4.1562568062170860E-002   0.0000000000000000        0.0000000000000000        0.0000000000000000     
   4.1781319842937953E-002   0.0000000000000000        0.0000000000000000        0.0000000000000000     
   4.2000071623705046E-002   0.0000000000000000        0.0000000000000000        0.0000000000000000     
   4.2218823404472139E-002   0.0000000000000000        0.0000000000000000        0.0000000000000000     
   4.2437575185239232E-002   0.0000000000000000        0.0000000000000000        0.0000000000000000     
   4.2656326966006325E-002   0.0000000000000000        0.0000000000000000        0.0000000000000000     
   4.2875078746773418E-002   0.0000000000000000        0.0000000000000000        0.0000000000000000     
   4.3093830527540511E-002   0.0000000000000000        0.0000000000000000        0.0000000000000000     
   4.3312582308307604E-002   0.0000000000000000        0.0000000000000000        0.0000000000000000     
   4.3531334089074697E-002   0.0000000000000000        0.0000000000000000        0.0000000000000000     
   4.3750085869841790E-002   0.0000000000000000        0.0000000000000000        0.0000000000000000     
   4.3968837650608883E-002   0.0000000000000000        0.0000000000000000        0.0000000000000000     
   4.4187589431375976E-002   0.0000000000000000        0.0000000000000000        0.0000000000000000     
   4.4406341212143069E-002   0.0000000000000000        0.0000000000000000        0.0000000000000000     
   4.4625092992910162E-002   0.0000000000000000        0.0000000000000000        0.0000000000000000     
   4.4843844773677255E-002   0.0000000000000000        0.0000000000000000        0.0000000000000000     
   4.5062596554444348E-002   0.0000000000000000        0.0000000000000000        0.0000000000000000     
   4.5281348335211441E-002   0.0000000000000000        0.0000000000000000        0.0000000000000000     
   4.5500100115978534E-002   0.0000000000000000        0.0000000000000000        0.0000000000000000     
   4.5718851896745627E-002   0.0000000000000000        0.0000000000000000        0.0000000000000000     
   4.5937603677512720E-002   0.0000000000000000        0.0000000000000000        0.0000000000000000     
   4.6156355458279813E-002   0.0000000000000000        0.0000000000000000        0.0000000000000000     
   4.6375107239046906E-002   0.0000000000000000        0.0000000000000000        0.0000000000000000     
   4.6593859019813999E-002   0.0000000000000000        0.0000000000000000        0.0000000000000000     
   4.6812610800581092E-002   0.0000000000000000        0.0000000000000000        0.0000000000000000     
   4.7031362581348185E-002   0.0000000000000000        0.0000000000000000        0.0000000000000000     
   4.7250114362115278E-002   0.0000000000000000        0.0000000000000000        0.0000000000000000     
   4.7468866142882371E-002   0.0000000000000000        0.0000000000000000        0.0000000000000000     
   4.7687617923649464E-002   0.0000000000000000        0.0000000000000000        0.0000000000000000     
   4.7906369704416557E-002   0.0000000000000000        0.0000000000000000        0.0000000000000000     
   4.8125121485183650E-002   0.0000000000000000        0.0000000000000000        0.0000000000000000     
   4.8343873265950743E-002   0.0000000000000000        0.0000000000000000        0.0000000000000000     
   4.8562625046717836E-002   0.0000000000000000        0.0000000000000000        0.0000000000000000     
   4.8781376827484929E-002   0.0000000000000000        0.0000000000000000        0.0000000000000000     
   4.9000128608252022E-002   0.0000000000000000        0.0000000000000000        0.0000000000000000     
   4.9218880389019115E-002   0.0000000000000000        0.0000000000000000        0.0000000000000000     
   4.9437632169786208E-002   0.0000000000000000        0.0000000000000000        0.0000000000000000     
   4.9656383950553301E-002   0.0000000000000000        0.0000000000000000        0.0000000000000000     
   4.9875135731320394E-002   0.0000000000000000        0.0000000000000000        0.0000000000000000     
   5.0093887512087487E-002   0.0000000000000000        0.0000000000000000        0.0000000000000000     
   5.0312639292854580E-002   0.0000000000000000        0.0000000000000000        0.0000000000000000     
   5.0531391073621673E-002   0.0000000000000000        0.0000000000000000        0.0000000000000000     
   5.0750142854388766E-002   0.0000000000000000        0.0000000000000000        0.0000000000000000     
   5.0968894635155859E-002   0.0000000000000000        0.0000000000000000        0.0000000000000000     
   5.1187646415922952E-002   0.0000000000000000        0.0000000000000000        0.0000000000000000     
   5.1406398196690045E-002   0.0000000000000000        0.0000000000000000        0.0000000000000000     
   5.1625149977457138E-002   0.0000000000000000        0.0000000000000000        0.0000000000000000     
   5.1843901758224231E-002   0.0000000000000000        0.0000000000000000        0.0000000000000000     
   5.2062653538991324E-002   0.0000000000000000        0.0000000000000000        0.0000000000000000     
   5.2281405319758417E-002   0.0000000000000000        0.0000000000000000        0.0000000000000000     
   5.2500157100525510E-002   0.0000000000000000        0.0000000000000000        0.0000000000000000     
   5.2718908881292603E-002   0.0000000000000000        0.0000000000000000        0.0000000000000000     
   5.2937660662059696E-002   0.0000000000000000        0.0000000000000000        0.0000000000000000     
   5.3156412442826789E-002   0.0000000000000000        0.0000000000000000        0.0000000000000000     
   5.3375164223593882E-002   0.0000000000000000        0.0000000000000000        0.0000000000000000     
   5.3593916004360975E-002   0.0000000000000000        0.0000000000000000        0.0000000000000000     
   5.3812667785128068E-002   0.0000000000000000        0.0000000000000000        0.0000000000000000     
   5.4031419565895161E-002   0.0000000000000000        0.0000000000000000        0.0000000000000000     
   5.4250171346662254E-002   0.0000000000000000        0.0000000000000000        0.0000000000000000     
   5.4468923127429347E-002   0.0000000000000000        0.0000000000000000        0.0000000000000000     
   5.4687674908196440E-002   0.0000000000000000        0.0000000000000000        0.0000000000000000     
   5.4906426688963533E-002   0.0000000000000000        0.0000000000000000        0.0000000000000000     
   5.5125178469730626E-002   0.0000000000000000        0.0000000000000000        0.0000000000000000     
   5.5343930250497719E-002   0.0000000000000000        0.0000000000000000        0.0000000000000000     
   5.5562682031264812E-002   0.0000000000000000        0.0000000000000000        0.0000000000000000     
   5.5781433812031905E-002   0.0000000000000000        0.0000000000000000        0.0000000000000000     
   5.6000185592798998E-002   0.0000000000000000        0.0000000000000000        0.0000000000000000     
   5.6218937373566091E-002   0.0000000000000000        0.0000000000000000        0.0000000000000000     
   5.6437689154333184E-002   0.0000000000000000        0.0000000000000000        0.0000000000000000     
   5.6656440935100277E-002   0.0000000000000000        0.0000000000000000        0.0000000000000000     
   5.6875192715867370E-002   0.0000000000000000        0.0000000000000000        0.0000000000000000     
   5.7093944496634463E-002   0.0000000000000000        0.0000000000000000        0.0000000000000000     
   5.7312696277401556E-002   0.0000000000000000        0.0000000000000000        0.0000000000000000     
   5.7531448058168649E-002   0.0000000000000000        0.0000000000000000        0.0000000000000000     
   5.7750199838935742E-002   0.0000000000000000        0.0000000000000000        0.0000000000000000     
   5.7968951619702835E-002   0.0000000000000000        0.0000000000000000        0.0000000000000000     
   5.8187703400469928E-002   0.0000000000000000        0.0000000000000000        0.0000000000000000     
   5.8406455181237021E-002   0.0000000000000000        0.0000000000000000        0.0000000000000000     
   5.8625206962004114E-002   0.0000000000000000        0.0000000000000000        0.0000000000000000     
   5.8843958742771207E-002   0.0000000000000000        0.0000000000000000        0.0000000000000000     
   5.9062710523538300E-002   0.0000000000000000        0.0000000000000000        0.0000000000000000     
   5.9281462304305393E-002   0.0000000000000000        0.0000000000000000        0.0000000000000000     
   5.9500214085072486E-002   0.0000000000000000        0.0000000000000000        0.0000000000000000     
   5.9718965865839579E-002   0.0000000000000000        0.0000000000000000        0.0000000000000000     
   5.9937717646606672E-002   0.0000000000000000        0.0000000000000000        0.0000000000000000     
   6.0156469427373765E-002   0.0000000000000000        0.0000000000000000        0.0000000000000000     
   6.0375221208140858E-002   0.0000000000000000        0.0000000000000000        0.0000000000000000     
   6.0593972988907951E-002   0.0000000000000000        0.0000000000000000        0.0000000000000000     
   6.0812724769675044E-002   0.0000000000000000        0.0000000000000000        0.0000000000000000     
   6.1031476550442137E-002   0.0000000000000000        0.0000000000000000        0.0000000000000000     
   6.1250228331209230E-002   0.0000000000000000        0.0000000000000000        0.0000000000000000     
   6.1468980111976323E-002   0.0000000000000000        0.0000000000000000        0.0000000000000000     
   6.1687731892743417E-002   0.0000000000000000        0.0000000000000000        0.0000000000000000     
   6.1906483673510510E-002   0.0000000000000000        0.0000000000000000        0.0000000000000000     
   6.2125235454277603E-002   0.0000000000000000        0.0000000000000000        0.0000000000000000     
   6.2343987235044696E-002   0.0000000000000000        0.0000000000000000        0.0000000000000000     
   6.2562739015811789E-002   0.0000000000000000        0.0000000000000000        0.0000000000000000     
   6.2781490796578882E-002   0.0000000000000000        0.0000000000000000        0.0000000000000000     
   6.3000242577345975E-002   0.0000000000000000        0.0000000000000000        0.0000000000000000     
   6.3218994358113068E-002   0.0000000000000000        0.0000000000000000        0.0000000000000000     
   6.3437746138880161E-002   0.0000000000000000        0.0000000000000000        0.0000000000000000     
   6.3656497919647254E-002   0.0000000000000000        0.0000000000000000        0.0000000000000000     
   6.3875249700414347E-002   0.0000000000000000        0.0000000000000000        0.0000000000000000     
   6.4094001481181440E-002   0.0000000000000000        0.0000000000000000        0.0000000000000000     
   6.4312753261948533E-002   0.0000000000000000        0.0000000000000000        0.0000000000000000     
   6.4531505042715626E-002   0.0000000000000000        0.0000000000000000        0.0000000000000000     
   6.4750256823482719E-002   0.0000000000000000        0.0000000000000000        0.0000000000000000     
   6.4969008604249812E-002   0.0000000000000000        0.0000000000000000        0.0000000000000000     
   6.5187760385016905E-002   0.0000000000000000        0.0000000000000000        0.0000000000000000     
   6.5406512165783998E-002   0.0000000000000000        0.0000000000000000        0.0000000000000000     
   6.5625263946551091E-002   0.0000000000000000        0.0000000000000000        0.0000000000000000     
   6.5844015727318184E-002   0.0000000000000000        0.0000000000000000        0.0000000000000000     
   6.6062767508085277E-002   0.0000000000000000        0.0000000000000000        0.0000000000000000     
   6.6281519288852370E-002   0.0000000000000000        0.0000000000000000        0.0000000000000000     
   6.6500271069619463E-002   0.0000000000000000        0.0000000000000000        0.0000000000000000     
   6.6719022850386556E-002   0.0000000000000000        0.0000000000000000        0.0000000000000000     
   6.6937774631153649E-002   0.0000000000000000        0.0000000000000000        0.0000000000000000     
   6.7156526411920742E-002   0.0000000000000000        0.0000000000000000        0.0000000000000000     
   6.7375278192687835E-002   0.0000000000000000        0.0000000000000000        0.0000000000000000     
   6.7594029973454928E-002   0.0000000000000000        0.0000000000000000        0.0000000000000000     
   6.7812781754222021E-002   0.0000000000000000        0.0000000000000000        0.0000000000000000     
   6.8031533534989114E-002   0.0000000000000000        0.0000000000000000        0.0000000000000000     
   6.8250285315756207E-002   0.0000000000000000        0.0000000000000000        0.0000000000000000     
   6.8469037096523300E-002   0.0000000000000000        0.0000000000000000        0.0000000000000000     
   6.8687788877290393E-002   0.0000000000000000        0.0000000000000000        0.0000000000000000     
   6.8906540658057486E-002   0.0000000000000000        0.0000000000000000        0.0000000000000000     
   6.9125292438824579E-002   0.0000000000000000        0.0000000000000000        0.0000000000000000     
   6.9344044219591672E-002   0.0000000000000000        0.0000000000000000        0.0000000000000000     
   6.9562796000358765E-002   0.0000000000000000        0.0000000000000000        0.0000000000000000     
   6.9781547781125858E-002   0.0000000000000000        0.0000000000000000        0.0000000000000000     
   7.0000299561892951E-002   0.0000000000000000        0.0000000000000000        0.0000000000000000     
   7.0219051342660044E-002   0.0000000000000000        0.0000000000000000        0.0000000000000000     
   7.0437803123427137E-002   0.0000000000000000        0.0000000000000000        0.0000000000000000     
   7.0656554904194230E-002   0.0000000000000000        0.0000000000000000        0.0000000000000000     
   7.0875306684961323E-002   0.0000000000000000        0.0000000000000000        0.0000000000000000     
   7.1094058465728416E-002   0.0000000000000000        0.0000000000000000        0.0000000000000000     
   7.1312810246495509E-002   0.0000000000000000        0.0000000000000000        0.0000000000000000     
   7.1531562027262602E-002   0.0000000000000000        0.0000000000000000        0.0000000000000000     
   7.1750313808029695E-002   0.0000000000000000        0.0000000000000000        0.0000000000000000     
   7.1969065588796788E-002   0.0000000000000000        0.0000000000000000        0.0000000000000000     
   7.2187817369563881E-002   0.0000000000000000        0.0000000000000000        0.0000000000000000     
   7.2406569150330974E-002   0.0000000000000000        0.0000000000000000        0.0000000000000000     
   7.2625320931098067E-002   0.0000000000000000        0.0000000000000000        0.0000000000000000     
   7.2844072711865160E-002   0.0000000000000000        0.0000000000000000        0.0000000000000000     
   7.3062824492632253E-002   0.0000000000000000        0.0000000000000000        0.0000000000000000     
   7.3281576273399346E-002   0.0000000000000000        0.0000000000000000        0.0000000000000000     
   7.3500328054166439E-002   0.0000000000000000        0.0000000000000000        0.0000000000000000     
   7.3719079834933532E-002   0.0000000000000000        0.0000000000000000        0.0000000000000000     
   7.3937831615700625E-002   0.0000000000000000        0.0000000000000000        0.0000000000000000     
   7.4156583396467718E-002   0.0000000000000000        0.0000000000000000        0.0000000000000000     
   7.4375335177234811E-002   0.0000000000000000        0.0000000000000000        0.0000000000000000     
   7.4594086958001904E-002   0.0000000000000000        0.0000000000000000        0.0000000000000000     
   7.4812838738768997E-002   0.0000000000000000        0.0000000000000000        0.0000000000000000     
   7.5031590519536090E-002   0.0000000000000000        0.0000000000000000        0.0000000000000000     
   7.5250342300303183E-002   0.0000000000000000        0.0000000000000000        0.0000000000000000     
   7.5469094081070276E-002   0.0000000000000000        0.0000000000000000        0.0000000000000000     
   7.5687845861837369E-002   0.0000000000000000        0.0000000000000000        0.0000000000000000     
   7.5906597642604462E-002   0.0000000000000000        0.0000000000000000        0.0000000000000000     
   7.6125349423371555E-002   0.0000000000000000        0.0000000000000000        0.0000000000000000     
   7.6344101204138648E-002   0.0000000000000000        0.0000000000000000        0.0000000000000000     
   7.6562852984905741E-002   0.0000000000000000        0.0000000000000000        0.0000000000000000     
   7.6781604765672834E-002   0.0000000000000000        0.0000000000000000        0.0000000000000000     
   7.7000356546439927E-002   0.0000000000000000        0.0000000000000000        0.0000000000000000     
   7.7219108327207020E-002   0.0000000000000000        0.0000000000000000        0.0000000000000000     
   7.7437860107974113E-002   0.0000000000000000        0.0000000000000000        0.0000000000000000     
   7.7656611888741206E-002   0.0000000000000000        0.0000000000000000        0.0000000000000000     
   7.7875363669508299E-002   0.0000000000000000        0.0000000000000000        0.0000000000000000     
   7.8094115450275392E-002   0.0000000000000000        0.0000000000000000        0.0000000000000000     
   7.8312867231042485E-002   0.0000000000000000        0.0000000000000000        0.0000000000000000     
   7.8531619011809578E-002   0.0000000000000000        0.0000000000000000        0.0000000000000000     
   7.8750370792576671E-002   0.0000000000000000        0.0000000000000000        0.0000000000000000     
   7.8969122573343764E-002   0.0000000000000000        0.0000000000000000        0.0000000000000000     
   7.9187874354110857E-002   0.0000000000000000        0.0000000000000000        0.0000000000000000     
   7.9406626134877950E-002   0.0000000000000000        0.0000000000000000        0.0000000000000000     
   7.9625377915645043E-002   0.0000000000000000        0.0000000000000000        0.0000000000000000     
   7.9844129696412136E-002   0.0000000000000000        0.0000000000000000        0.0000000000000000     
   8.0062881477179229E-002   0.0000000000000000        0.0000000000000000        0.0000000000000000     
   8.0281633257946322E-002   0.0000000000000000        0.0000000000000000        0.0000000000000000     
   8.0500385038713415E-002   0.0000000000000000        0.0000000000000000        0.0000000000000000     
   8.0719136819480508E-002   0.0000000000000000        0.0000000000000000        0.0000000000000000     
   8.0937888600247601E-002   0.0000000000000000        0.0000000000000000        0.0000000000000000     
   8.1156640381014694E-002   0.0000000000000000        0.0000000000000000        0.0000000000000000     
   8.1375392161781787E-002   0.0000000000000000        0.0000000000000000        0.0000000000000000     
   8.1594143942548880E-002   0.0000000000000000        0.0000000000000000        0.0000000000000000     
   8.1812895723315973E-002   0.0000000000000000        0.0000000000000000        0.0000000000000000     
   8.2031647504083066E-002   0.0000000000000000        0.0000000000000000        0.0000000000000000     
   8.2250399284850159E-002   0.0000000000000000        0.0000000000000000        0.0000000000000000     
   8.2469151065617252E-002   0.0000000000000000        0.0000000000000000        0.0000000000000000     
   8.2687902846384345E-002   0.0000000000000000        0.0000000000000000        0.0000000000000000     
   8.2906654627151438E-002   0.0000000000000000        0.0000000000000000        0.0000000000000000     
   8.3125406407918531E-002   0.0000000000000000        0.0000000000000000        0.0000000000000000     
   8.3344158188685624E-002   0.0000000000000000        0.0000000000000000        0.0000000000000000     
   8.3562909969452717E-002   0.0000000000000000        0.0000000000000000        0.0000000000000000     
   8.3781661750219810E-002   0.0000000000000000        0.0000000000000000        0.0000000000000000     
   8.4000413530986903E-002   0.0000000000000000        0.0000000000000000        0.0000000000000000     
   8.4219165311753996E-002   0.0000000000000000        0.0000000000000000        0.0000000000000000     
   8.4437917092521089E-002   0.0000000000000000        0.0000000000000000        0.0000000000000000     
   8.4656668873288168E-002   0.0000000000000000        0.0000000000000000        0.0000000000000000     
   8.4875420654055234E-002   0.0000000000000000        0.0000000000000000        0.0000000000000000     
   8.5094172434822327E-002   0.0000000000000000        0.0000000000000000        0.0000000000000000     
   8.5312924215589420E-002   0.0000000000000000        0.0000000000000000        0.0000000000000000     
   8.5531675996356513E-002   0.0000000000000000        0.0000000000000000        0.0000000000000000     
   8.5750427777123606E-002   0.0000000000000000        0.0000000000000000        0.0000000000000000     
   8.5969179557890699E-002   0.0000000000000000        0.0000000000000000        0.0000000000000000     
   8.6187931338657792E-002   0.0000000000000000        0.0000000000000000        0.0000000000000000     
   8.6406683119424885E-002   0.0000000000000000        0.0000000000000000        0.0000000000000000     
   8.6625434900191978E-002   0.0000000000000000        0.0000000000000000        0.0000000000000000     
   8.6844186680959071E-002   0.0000000000000000        0.0000000000000000        0.0000000000000000     
   8.7062938461726164E-002   0.0000000000000000        0.0000000000000000        0.0000000000000000     
   8.7281690242493257E-002   0.0000000000000000        0.0000000000000000        0.0000000000000000     
   8.7500442023260350E-002   0.0000000000000000        0.0000000000000000        0.0000000000000000     
   8.7719193804027443E-002   0.0000000000000000        0.0000000000000000        0.0000000000000000     
   8.7937945584794536E-002   0.0000000000000000        0.0000000000000000        0.0000000000000000     
   8.8156697365561629E-002   0.0000000000000000        0.0000000000000000        0.0000000000000000     
   8.8375449146328722E-002   0.0000000000000000        0.0000000000000000        0.0000000000000000     
   8.8594200927095815E-002   0.0000000000000000        0.0000000000000000        0.0000000000000000     
   8.8812952707862908E-002   0.0000000000000000        0.0000000000000000        0.0000000000000000     
   8.9031704488630001E-002   0.0000000000000000        0.0000000000000000        0.0000000000000000     
   8.9250456269397094E-002   0.0000000000000000        0.0000000000000000        0.0000000000000000     
   8.9469208050164187E-002   0.0000000000000000        0.0000000000000000        0.0000000000000000     
   8.9687959830931280E-002   0.0000000000000000        0.0000000000000000        0.0000000000000000     
   8.9906711611698373E-002   0.0000000000000000        0.0000000000000000        0.0000000000000000     
   9.0125463392465466E-002   0.0000000000000000        0.0000000000000000        0.0000000000000000     
   9.0344215173232559E-002   0.0000000000000000        0.0000000000000000        0.0000000000000000     
   9.0562966953999652E-002   0.0000000000000000        0.0000000000000000        0.0000000000000000     
   9.0781718734766745E-002   0.0000000000000000        0.0000000000000000        0.0000000000000000     
   9.1000470515533838E-002   0.0000000000000000        0.0000000000000000        0.0000000000000000     
   9.1219222296300931E-002   0.0000000000000000        0.0000000000000000        0.0000000000000000     
   9.1437974077068024E-002   0.0000000000000000        0.0000000000000000        0.0000000000000000     
   9.1656725857835117E-002   0.0000000000000000        0.0000000000000000        0.0000000000000000     
   9.1875477638602210E-002   0.0000000000000000        0.0000000000000000        0.0000000000000000     
   9.2094229419369303E-002   0.0000000000000000        0.0000000000000000        0.0000000000000000     
   9.2312981200136396E-002   0.0000000000000000        0.0000000000000000        0.0000000000000000     
   9.2531732980903489E-002   0.0000000000000000        0.0000000000000000        0.0000000000000000     
   9.2750484761670582E-002   0.0000000000000000        0.0000000000000000        0.0000000000000000     
   9.2969236542437675E-002   0.0000000000000000        0.0000000000000000        0.0000000000000000     
   9.3187988323204768E-002   0.0000000000000000        0.0000000000000000        0.0000000000000000     
   9.3406740103971861E-002   0.0000000000000000        0.0000000000000000        0.0000000000000000     
   9.3625491884738954E-002   0.0000000000000000        0.0000000000000000        0.0000000000000000     
   9.3844243665506047E-002   0.0000000000000000        0.0000000000000000        0.0000000000000000     
   9.4062995446273140E-002   0.0000000000000000        0.0000000000000000        0.0000000000000000     
   9.4281747227040233E-002   0.0000000000000000        0.0000000000000000        0.0000000000000000     
   9.4500499007807326E-002   0.0000000000000000        0.0000000000000000        0.0000000000000000     
   9.4719250788574419E-002   0.0000000000000000        0.0000000000000000        0.0000000000000000     
   9.4938002569341512E-002   0.0000000000000000        0.0000000000000000        0.0000000000000000     
   9.5156754350108605E-002   0.0000000000000000        0.0000000000000000        0.0000000000000000     
   9.5375506130875698E-002   0.0000000000000000        0.0000000000000000        0.0000000000000000     
   9.5594257911642791E-002   0.0000000000000000        0.0000000000000000        0.0000000000000000     
   9.5813009692409884E-002   0.0000000000000000        0.0000000000000000        0.0000000000000000     
   9.6031761473176977E-002   0.0000000000000000        0.0000000000000000        0.0000000000000000     
   9.6250513253944070E-002   0.0000000000000000        0.0000000000000000        0.0000000000000000     
   9.6469265034711163E-002   0.0000000000000000        0.0000000000000000        0.0000000000000000     
   9.6688016815478256E-002   0.0000000000000000        0.0000000000000000        0.0000000000000000     
   9.6906768596245349E-002   0.0000000000000000        0.0000000000000000        0.0000000000000000     
   9.7125520377012442E-002   0.0000000000000000        0.0000000000000000        0.0000000000000000     
   9.7344272157779535E-002   0.0000000000000000        0.0000000000000000        0.0000000000000000     
   9.7563023938546517E-002   0.0000000000000000        0.0000000000000000        0.0000000000000000     
   9.7781775719313610E-002   0.0000000000000000        0.0000000000000000        0.0000000000000000     
   9.8000527500080703E-002   0.0000000000000000        0.0000000000000000        0.0000000000000000     
   9.8219279280847796E-002   0.0000000000000000        0.0000000000000000        0.0000000000000000     
   9.8438031061614889E-002   0.0000000000000000        0.0000000000000000        0.0000000000000000     
   9.8656782842381982E-002   0.0000000000000000        0.0000000000000000        0.0000000000000000     
   9.8875534623149075E-002   0.0000000000000000        0.0000000000000000        0.0000000000000000     
   9.9094286403916168E-002   0.0000000000000000        0.0000000000000000        0.0000000000000000     
   9.9313038184683261E-002   0.0000000000000000        0.0000000000000000        0.0000000000000000     
   9.9531789965450354E-002   0.0000000000000000        0.0000000000000000        0.0000000000000000     
   9.9750541746217447E-002   0.0000000000000000        0.0000000000000000        0.0000000000000000     
   9.9969293526984540E-002   0.0000000000000000        0.0000000000000000        0.0000000000000000     
  0.10018804530775163        0.0000000000000000        0.0000000000000000        0.0000000000000000     
  0.10040679708851873        0.0000000000000000        0.0000000000000000        0.0000000000000000     
  0.10062554886928582        0.0000000000000000        0.0000000000000000        0.0000000000000000     
  0.10084430065005291        0.0000000000000000        0.0000000000000000        0.0000000000000000     
  0.10106305243082001        0.0000000000000000        0.0000000000000000        0.0000000000000000     
  0.10128180421158710        0.0000000000000000        0.0000000000000000        0.0000000000000000     
  0.10150055599235419        0.0000000000000000        0.0000000000000000        0.0000000000000000     
  0.10171930777312128        0.0000000000000000        0.0000000000000000        0.0000000000000000     
  0.10193805955388838        0.0000000000000000        0.0000000000000000        0.0000000000000000     
  0.10215681133465547        0.0000000000000000        0.0000000000000000        0.0000000000000000     
  0.10237556311542256        0.0000000000000000        0.0000000000000000        0.0000000000000000     
  0.10259431489618966        0.0000000000000000        0.0000000000000000        0.0000000000000000     
  0.10281306667695675        0.0000000000000000        0.0000000000000000        0.0000000000000000     
  0.10303181845772384        0.0000000000000000        0.0000000000000000        0.0000000000000000     
  0.10325057023849094        0.0000000000000000        0.0000000000000000        0.0000000000000000     
  0.10346932201925803        0.0000000000000000        0.0000000000000000        0.0000000000000000     
  0.10368807380002512        0.0000000000000000        0.0000000000000000        0.0000000000000000     
  0.10390682558079221        0.0000000000000000        0.0000000000000000        0.0000000000000000     
  0.10412557736155931        0.0000000000000000        0.0000000000000000        0.0000000000000000     
  0.10434432914232600        0.0000000000000000        0.0000000000000000        0.0000000000000000     
  0.10456308092309309        0.0000000000000000        0.0000000000000000        0.0000000000000000     
  0.10478183270386018        0.0000000000000000        0.0000000000000000        0.0000000000000000     
  0.10500058448462728        0.0000000000000000        0.0000000000000000        0.0000000000000000     
  0.10521933626539437        0.0000000000000000        0.0000000000000000        0.0000000000000000     
  0.10543808804616117        0.0000000000000000        0.0000000000000000        0.0000000000000000     
  0.10565683982692826        0.0000000000000000        0.0000000000000000        0.0000000000000000     
  0.10587559160769536        0.0000000000000000        0.0000000000000000        0.0000000000000000     
  0.10609434338846245        0.0000000000000000        0.0000000000000000        0.0000000000000000     
  0.10631309516922954        0.0000000000000000        0.0000000000000000        0.0000000000000000     
  0.10653184694999664        0.0000000000000000        0.0000000000000000        0.0000000000000000     
  0.10675059873076373        0.0000000000000000        0.0000000000000000        0.0000000000000000     
  0.10696935051153082        0.0000000000000000        0.0000000000000000        0.0000000000000000     
  0.10718810229229792        0.0000000000000000        0.0000000000000000        0.0000000000000000     
  0.10740685407306501        0.0000000000000000        0.0000000000000000        0.0000000000000000     
  0.10762560585383210        0.0000000000000000        0.0000000000000000        0.0000000000000000     
  0.10784435763459919        0.0000000000000000        0.0000000000000000        0.0000000000000000     
  0.10806310941536629        0.0000000000000000        0.0000000000000000        0.0000000000000000     
  0.10828186119613338        0.0000000000000000        0.0000000000000000        0.0000000000000000     
  0.10850061297690047        0.0000000000000000        0.0000000000000000        0.0000000000000000     
  0.10871936475766757        0.0000000000000000        0.0000000000000000        0.0000000000000000     
  0.10893811653843466        0.0000000000000000        0.0000000000000000        0.0000000000000000     
  0.10915686831920175        0.0000000000000000        0.0000000000000000        0.0000000000000000     
  0.10937562009996885        0.0000000000000000        0.0000000000000000        0.0000000000000000     
  0.10959437188073594        0.0000000000000000        0.0000000000000000        0.0000000000000000     
  0.10981312366150303        0.0000000000000000        0.0000000000000000        0.0000000000000000     
  0.11003187544227012        0.0000000000000000        0.0000000000000000        0.0000000000000000     
  0.11025062722303722        0.0000000000000000        0.0000000000000000        0.0000000000000000     
  0.11046937900380431        0.0000000000000000        0.0000000000000000        0.0000000000000000     
  0.11068813078457140        0.0000000000000000        0.0000000000000000        0.0000000000000000     
  0.11090688256533850        0.0000000000000000        0.0000000000000000        0.0000000000000000     
  0.11112563434610559        0.0000000000000000        0.0000000000000000        0.0000000000000000     
  0.11134438612687268        0.0000000000000000        0.0000000000000000        0.0000000000000000     
  0.11156313790763978        0.0000000000000000        0.0000000000000000        0.0000000000000000     
  0.11178188968840687        0.0000000000000000        0.0000000000000000        0.0000000000000000     
  0.11200064146917396        0.0000000000000000        0.0000000000000000        0.0000000000000000     
  0.11221939324994105        0.0000000000000000        0.0000000000000000        0.0000000000000000     
  0.11243814503070815        0.0000000000000000        0.0000000000000000        0.0000000000000000     
  0.11265689681147524        0.0000000000000000        0.0000000000000000        0.0000000000000000     
  0.11287564859224233        0.0000000000000000        0.0000000000000000        0.0000000000000000     
  0.11309440037300943        0.0000000000000000        0.0000000000000000        0.0000000000000000     
  0.11331315215377652        0.0000000000000000        0.0000000000000000        0.0000000000000000     
  0.11353190393454361        0.0000000000000000        0.0000000000000000        0.0000000000000000     
  0.11375065571531071        0.0000000000000000        0.0000000000000000        0.0000000000000000     
  0.11396940749607780        0.0000000000000000        0.0000000000000000        0.0000000000000000     
  0.11418815927684489        0.0000000000000000        0.0000000000000000        0.0000000000000000     
  0.11440691105761198        0.0000000000000000        0.0000000000000000        0.0000000000000000     
  0.11462566283837908        0.0000000000000000        0.0000000000000000        0.0000000000000000     
  0.11484441461914617        0.0000000000000000        0.0000000000000000        0.0000000000000000     
  0.11506316639991326        0.0000000000000000        0.0000000000000000        0.0000000000000000     
  0.11528191818068036        0.0000000000000000        0.0000000000000000        0.0000000000000000     
  0.11550066996144745        0.0000000000000000        0.0000000000000000        0.0000000000000000     
  0.11571942174221454        0.0000000000000000        0.0000000000000000        0.0000000000000000     
  0.11593817352298164        0.0000000000000000        0.0000000000000000        0.0000000000000000     
  0.11615692530374873        0.0000000000000000        0.0000000000000000        0.0000000000000000     
  0.11637567708451582        0.0000000000000000        0.0000000000000000        0.0000000000000000     
  0.11659442886528291        0.0000000000000000        0.0000000000000000        0.0000000000000000     
  0.11681318064605001        0.0000000000000000        0.0000000000000000        0.0000000000000000     
  0.11703193242681710        0.0000000000000000        0.0000000000000000        0.0000000000000000     
  0.11725068420758419        0.0000000000000000        0.0000000000000000        0.0000000000000000     
  0.11746943598835129        0.0000000000000000        0.0000000000000000        0.0000000000000000     
  0.11768818776911838        0.0000000000000000        0.0000000000000000        0.0000000000000000     
  0.11790693954988547        0.0000000000000000        0.0000000000000000        0.0000000000000000     
  0.11812569133065257        0.0000000000000000        0.0000000000000000        0.0000000000000000     
  0.11834444311141966        0.0000000000000000        0.0000000000000000        0.0000000000000000     
  0.11856319489218675        0.0000000000000000        0.0000000000000000        0.0000000000000000     
  0.11878194667295384        0.0000000000000000        0.0000000000000000        0.0000000000000000     
  0.11900069845372094        0.0000000000000000        0.0000000000000000        0.0000000000000000     
  0.11921945023448803        0.0000000000000000        0.0000000000000000        0.0000000000000000     
  0.11943820201525512        0.0000000000000000        0.0000000000000000        0.0000000000000000     
  0.11965695379602222        0.0000000000000000        0.0000000000000000        0.0000000000000000     
  0.11987570557678931        0.0000000000000000        0.0000000000000000        0.0000000000000000     
  0.12009445735755640        0.0000000000000000        0.0000000000000000        0.0000000000000000     
  0.12031320913832350        0.0000000000000000        0.0000000000000000        0.0000000000000000     
  0.12053196091909059        0.0000000000000000        0.0000000000000000        0.0000000000000000     
  0.12075071269985768        0.0000000000000000        0.0000000000000000        0.0000000000000000     
  0.12096946448062477        0.0000000000000000        0.0000000000000000        0.0000000000000000     
  0.12118821626139187        0.0000000000000000        0.0000000000000000        0.0000000000000000     
  0.12140696804215896        0.0000000000000000        0.0000000000000000        0.0000000000000000     
  0.12162571982292605        0.0000000000000000        0.0000000000000000        0.0000000000000000     
  0.12184447160369315        0.0000000000000000        0.0000000000000000        0.0000000000000000     
  0.12206322338446024        0.0000000000000000        0.0000000000000000        0.0000000000000000     
  0.12228197516522733        0.0000000000000000        0.0000000000000000        0.0000000000000000     
  0.12250072694599443        0.0000000000000000        0.0000000000000000        0.0000000000000000     
  0.12271947872676152        0.0000000000000000        0.0000000000000000        0.0000000000000000     
  0.12293823050752861        0.0000000000000000        0.0000000000000000        0.0000000000000000     
  0.12315698228829570        0.0000000000000000        0.0000000000000000        0.0000000000000000     
  0.12337573406906280        0.0000000000000000        0.0000000000000000        0.0000000000000000     
  0.12359448584982989        0.0000000000000000        0.0000000000000000        0.0000000000000000     
  0.12381323763059698        0.0000000000000000        0.0000000000000000        0.0000000000000000     
  0.12403198941136408        0.0000000000000000        0.0000000000000000        0.0000000000000000     
  0.12425074119213117        0.0000000000000000        0.0000000000000000        0.0000000000000000     
  0.12446949297289826        0.0000000000000000        0.0000000000000000        0.0000000000000000     
  0.12468824475366536        0.0000000000000000        0.0000000000000000        0.0000000000000000     
  0.12490699653359184        0.0000000000000000        0.0000000000000000        0.0000000000000000     
  0.12512574831435894        0.0000000000000000        0.0000000000000000        0.0000000000000000     
  0.12534450009512602        0.0000000000000000        0.0000000000000000        0.0000000000000000     
  0.12556325187589309        0.0000000000000000        0.0000000000000000        0.0000000000000000     
  0.12578200365666017        0.0000000000000000        0.0000000000000000        0.0000000000000000     
  0.12600075543742725        0.0000000000000000        0.0000000000000000        0.0000000000000000     
  0.12621950721819433        0.0000000000000000        0.0000000000000000        0.0000000000000000     
  0.12643825899896141        0.0000000000000000        0.0000000000000000        0.0000000000000000     
  0.12665701077972849        0.0000000000000000        0.0000000000000000        0.0000000000000000     
  0.12687576256049557        0.0000000000000000        0.0000000000000000        0.0000000000000000     
  0.12709451434126265        0.0000000000000000        0.0000000000000000        0.0000000000000000     
  0.12731326612202973        0.0000000000000000        0.0000000000000000        0.0000000000000000     
  0.12753201790279681        0.0000000000000000        0.0000000000000000        0.0000000000000000     
  0.12775076968356389        0.0000000000000000        0.0000000000000000        0.0000000000000000     
  0.12796952146433097        0.0000000000000000        0.0000000000000000        0.0000000000000000     
  0.12818827324509804        0.0000000000000000        0.0000000000000000        0.0000000000000000     
  0.12840702502586512        0.0000000000000000        0.0000000000000000        0.0000000000000000     
  0.12862577680663220        0.0000000000000000        0.0000000000000000        0.0000000000000000     
  0.12884452858739928        0.0000000000000000        0.0000000000000000        0.0000000000000000     
  0.12906328036816636        0.0000000000000000        0.0000000000000000        0.0000000000000000     
  0.12928203214893344        0.0000000000000000        0.0000000000000000        0.0000000000000000     
  0.12950078392970052        0.0000000000000000        0.0000000000000000        0.0000000000000000     
  0.12971953571046760        0.0000000000000000        0.0000000000000000        0.0000000000000000     
  0.12993828749123468        0.0000000000000000        0.0000000000000000        0.0000000000000000     
  0.13015703927200176        0.0000000000000000        0.0000000000000000        0.0000000000000000     
  0.13037579105276884        0.0000000000000000        0.0000000000000000        0.0000000000000000     
  0.13059454283353591        0.0000000000000000        0.0000000000000000        0.0000000000000000     
  0.13081329461430299        0.0000000000000000        0.0000000000000000        0.0000000000000000     
  0.13103204639507007        0.0000000000000000        0.0000000000000000        0.0000000000000000     
  0.13125079817583715        0.0000000000000000        0.0000000000000000        0.0000000000000000     
  0.13146954995660423        0.0000000000000000        0.0000000000000000        0.0000000000000000     
  0.13168830173737131        0.0000000000000000        0.0000000000000000        0.0000000000000000     
  0.13190705351813839        0.0000000000000000        0.0000000000000000        0.0000000000000000     
  0.13212580529890547        0.0000000000000000        0.0000000000000000        0.0000000000000000     
  0.13234455707967255        0.0000000000000000        0.0000000000000000        0.0000000000000000     
  0.13256330886043963        0.0000000000000000        0.0000000000000000        0.0000000000000000     
  0.13278206064120671        0.0000000000000000        0.0000000000000000        0.0000000000000000     
  0.13300081242197379        0.0000000000000000        0.0000000000000000        0.0000000000000000     
  0.13321956420274086        0.0000000000000000        0.0000000000000000        0.0000000000000000     
  0.13343831598350794        0.0000000000000000        0.0000000000000000        0.0000000000000000     
  0.13365706776427502        0.0000000000000000        0.0000000000000000        0.0000000000000000     
  0.13387581954504210        0.0000000000000000        0.0000000000000000        0.0000000000000000     
  0.13409457132580918        0.0000000000000000        0.0000000000000000        0.0000000000000000     
  0.13431332310657626        0.0000000000000000        0.0000000000000000        0.0000000000000000     
  0.13453207488734334        0.0000000000000000        0.0000000000000000        0.0000000000000000     
  0.13475082666811042        0.0000000000000000        0.0000000000000000        0.0000000000000000     
  0.13496957844887750        0.0000000000000000        0.0000000000000000        0.0000000000000000     
  0.13518833022964458        0.0000000000000000        0.0000000000000000        0.0000000000000000     
  0.13540708201041166        0.0000000000000000        0.0000000000000000        0.0000000000000000     
  0.13562583379117873        0.0000000000000000        0.0000000000000000        0.0000000000000000     
  0.13584458557194581        0.0000000000000000        0.0000000000000000        0.0000000000000000     
  0.13606333735271289        0.0000000000000000        0.0000000000000000        0.0000000000000000     
  0.13628208913347997        0.0000000000000000        0.0000000000000000        0.0000000000000000     
  0.13650084091424705        0.0000000000000000        0.0000000000000000        0.0000000000000000     
  0.13671959269501413        0.0000000000000000        0.0000000000000000        0.0000000000000000     
  0.13693834447578121        0.0000000000000000        0.0000000000000000        0.0000000000000000     
  0.13715709625654829        0.0000000000000000        0.0000000000000000        0.0000000000000000     
  0.13737584803731537        0.0000000000000000        0.0000000000000000        0.0000000000000000     
  0.13759459981808245        0.0000000000000000        0.0000000000000000        0.0000000000000000     
  0.13781335159884953        0.0000000000000000        0.0000000000000000        0.0000000000000000     
  0.13803210337961661        0.0000000000000000        0.0000000000000000        0.0000000000000000     
  0.13825085516038368        0.0000000000000000        0.0000000000000000        0.0000000000000000     
  0.13846960694115076        0.0000000000000000        0.0000000000000000        0.0000000000000000     
  0.13868835872191784        0.0000000000000000        0.0000000000000000        0.0000000000000000     
  0.13890711050268492        0.0000000000000000        0.0000000000000000        0.0000000000000000     
  0.13912586228345200        0.0000000000000000        0.0000000000000000        0.0000000000000000     
  0.13934461406421908        0.0000000000000000        0.0000000000000000        0.0000000000000000     
  0.13956336584498616        0.0000000000000000        0.0000000000000000        0.0000000000000000     
  0.13978211762575324        0.0000000000000000        0.0000000000000000        0.0000000000000000     
  0.14000086940652032        0.0000000000000000        0.0000000000000000        0.0000000000000000     
  0.14021962118728740        0.0000000000000000        0.0000000000000000        0.0000000000000000     
  0.14043837296805448        0.0000000000000000        0.0000000000000000        0.0000000000000000     
  0.14065712474882155        0.0000000000000000        0.0000000000000000        0.0000000000000000     
  0.14087587652958863        0.0000000000000000        0.0000000000000000        0.0000000000000000     
  0.14109462831035571        0.0000000000000000        0.0000000000000000        0.0000000000000000     
  0.14131338009112279        0.0000000000000000        0.0000000000000000        0.0000000000000000     
  0.14153213187188987        0.0000000000000000        0.0000000000000000        0.0000000000000000     
  0.14175088365265695        0.0000000000000000        0.0000000000000000        0.0000000000000000     
  0.14196963543342403        0.0000000000000000        0.0000000000000000        0.0000000000000000     
  0.14218838721419111        0.0000000000000000        0.0000000000000000        0.0000000000000000     
  0.14240713899495819        0.0000000000000000        0.0000000000000000        0.0000000000000000     
  0.14262589077572527        0.0000000000000000        0.0000000000000000        0.0000000000000000     
  0.14284464255649235        0.0000000000000000        0.0000000000000000        0.0000000000000000     
  0.14306339433725943        0.0000000000000000        0.0000000000000000        0.0000000000000000     
  0.14328214611802650        0.0000000000000000        0.0000000000000000        0.0000000000000000     
  0.14350089789879358        0.0000000000000000        0.0000000000000000        0.0000000000000000     
  0.14371964967956066        0.0000000000000000        0.0000000000000000        0.0000000000000000     
  0.14393840146032774        0.0000000000000000        0.0000000000000000        0.0000000000000000     
  0.14415715324109482        0.0000000000000000        0.0000000000000000        0.0000000000000000     
  0.14437590502186190        0.0000000000000000        0.0000000000000000        0.0000000000000000     
  0.14459465680262898        0.0000000000000000        0.0000000000000000        0.0000000000000000     
  0.14481340858339606        0.0000000000000000        0.0000000000000000        0.0000000000000000     
  0.14503216036416314        0.0000000000000000        0.0000000000000000        0.0000000000000000     
  0.14525091214493022        0.0000000000000000        0.0000000000000000        0.0000000000000000     
  0.14546966392569730        0.0000000000000000        0.0000000000000000        0.0000000000000000     
  0.14568841570646437        0.0000000000000000        0.0000000000000000        0.0000000000000000     
  0.14590716748723145        0.0000000000000000        0.0000000000000000        0.0000000000000000     
  0.14612591926799853        0.0000000000000000        0.0000000000000000        0.0000000000000000     
  0.14634467104876561        0.0000000000000000        0.0000000000000000        0.0000000000000000     
  0.14656342282953269        0.0000000000000000        0.0000000000000000        0.0000000000000000     
  0.14678217461029977        0.0000000000000000        0.0000000000000000        0.0000000000000000     
  0.14700092639106685        0.0000000000000000        0.0000000000000000        0.0000000000000000     
  0.14721967817183393        0.0000000000000000        0.0000000000000000        0.0000000000000000     
  0.14743842995260101        0.0000000000000000        0.0000000000000000        0.0000000000000000     
  0.14765718173336809        0.0000000000000000        0.0000000000000000        0.0000000000000000     
  0.14787593351413517        0.0000000000000000        0.0000000000000000        0.0000000000000000     
  0.14809468529490225        0.0000000000000000        0.0000000000000000        0.0000000000000000     
  0.14831343707566932        0.0000000000000000        0.0000000000000000        0.0000000000000000     
  0.14853218885643640        0.0000000000000000        0.0000000000000000        0.0000000000000000     
  0.14875094063720348        0.0000000000000000        0.0000000000000000        0.0000000000000000     
  0.14896969241797056        0.0000000000000000        0.0000000000000000        0.0000000000000000     
  0.14918844419873764        0.0000000000000000        0.0000000000000000        0.0000000000000000     
  0.14940719597950472        0.0000000000000000        0.0000000000000000        0.0000000000000000     
  0.14962594776027180        0.0000000000000000        0.0000000000000000        0.0000000000000000     
  0.14984469954103888        0.0000000000000000        0.0000000000000000        0.0000000000000000     
  0.14999999999999999        0.0000000000000000        0.0000000000000000        0.0000000000000000     
