 VARIABLES = t,L1,L2,Linf
   0.0000000000000000        0.0000000000000000        0.0000000000000000        0.0000000000000000     
   2.1875178076709439E-004   4.4408920985006263E-019   9.9301366129890920E-018   2.2204460492503131E-016
   4.3741388689107381E-004   8.8817841970012525E-019   9.9301366129890920E-018   1.1102230246251565E-016
   6.5616566765816812E-004   4.4408920985006263E-018   3.7155169009665003E-017   5.5511151231257827E-016
   8.7482465010966788E-004   5.7731597280508137E-018   4.4960605752467827E-017   5.5511151231257827E-016
   1.0935764243395166E-003   7.2719608112947756E-018   5.6732831086240964E-017   7.7715611723760958E-016
   1.3123282051066109E-003   8.8262730457699946E-018   5.3834369879417298E-017   5.5511151231257827E-016
   1.5310066760405531E-003   1.3156142841808104E-017   7.8120975466095357E-017   7.7715611723760958E-016
   1.7497584568076474E-003   1.7430501486614958E-017   9.7832006274157571E-017   1.1102230246251565E-015
   1.9685102375747417E-003   2.5424107263916086E-017   1.5576789082274995E-016   2.1094237467877974E-015
   2.1872475252344118E-003   3.5083047578154947E-017   2.2974509010608767E-016   3.2196467714129540E-015
   2.4059993060015061E-003   5.0598414347291508E-017   3.1855675213018180E-016   4.3298697960381105E-015
   2.6247510867686004E-003   6.6641137053125016E-017   4.4977437127576874E-016   5.9952043329758453E-015
   2.8435028675356947E-003   8.7624352218540481E-017   5.7735767138272891E-016   7.4384942649885488E-015
   3.0622546483027890E-003   1.1660117316125706E-016   7.9344763571074882E-016   1.0658141036401503E-014
   3.2810064290698833E-003   1.4628576128217219E-016   1.0321692263359702E-015   1.2767564783189300E-014
   3.4997582098369776E-003   1.6905921107479572E-016   1.1804086062171391E-015   1.4543921622589551E-014
   3.7185099906040719E-003   2.0912438447595606E-016   1.5026598270211846E-015   1.9539925233402755E-014
   3.9372617713711658E-003   2.5524027336132348E-016   1.9112165698925814E-015   2.5979218776228663E-014
   4.1560135521382597E-003   2.6466329128282953E-016   1.8885494367634465E-015   2.5424107263916085E-014
   4.3747653329053535E-003   2.7160218518673675E-016   1.8010659368896171E-015   2.3647750424515834E-014
   4.5935171136724474E-003   2.7230995236493527E-016   1.6711024496146028E-015   2.1094237467877974E-014
   4.8122688933014439E-003   2.5469903963681875E-016   1.4342049143224298E-015   1.7541523789077473E-014
   5.0310206740685377E-003   2.6988133949856773E-016   1.3378664307239704E-015   1.3100631690576847E-014
   5.2497724548356316E-003   3.1230573682705655E-016   1.4284058524829206E-015   1.2878587085651816E-014
   5.4685242356027255E-003   3.6451397456005450E-016   1.6057214606993125E-015   1.2101430968414206E-014
   5.6872760163698194E-003   4.3758052736819762E-016   2.0376272666570682E-015   1.5876189252139739E-014
   5.9060277971369132E-003   5.3540505362548172E-016   2.7334659814054324E-015   2.3647750424515834E-014
   6.1247795779040071E-003   6.7264249725695892E-016   3.7710752123739907E-015   3.9079850466805510E-014
   6.3435313586711010E-003   8.4271478684172503E-016   5.0393251364445564E-015   5.5178084323870280E-014
   6.5622831394381948E-003   1.0167144903761027E-015   6.4675257999067475E-015   7.1054273576010019E-014
   6.7810349202052887E-003   1.2100737079023815E-015   7.7919818451192487E-015   7.6716411001598317E-014
   6.9997867009723826E-003   1.4798301473106789E-015   9.8359697905617735E-015   1.1102230246251565E-013
   7.2185384817394765E-003   1.8813145485907510E-015   1.3265147097295600E-014   1.6386891843467311E-013
   7.4372902625065703E-003   2.1083274015509800E-015   1.4776403751123408E-014   1.8751666885918894E-013
   7.6560420432736642E-003   2.3375468227726513E-015   1.6621721941480555E-014   2.1416202145019270E-013
   7.8747938240407590E-003   2.5636021083741412E-015   1.8564248152492935E-014   2.4968915823819771E-013
   8.0935456048078537E-003   2.9781593857691745E-015   2.0782642154576577E-014   2.9498625764290409E-013
   8.3122973855749484E-003   3.1995101013038153E-015   2.0611830944828452E-014   2.5446311724408588E-013
   8.5310491663420432E-003   3.4528005454781407E-015   2.1749675265794563E-014   2.6489921367556235E-013
   8.7498009471091379E-003   3.4553748751164902E-015   2.0677370207188883E-014   2.5435209494162336E-013
   8.9685527278762327E-003   3.4164684969972826E-015   1.9017694375098229E-014   2.1238566461079245E-013
   9.1873045086433274E-003   3.5643016316200257E-015   1.8426772704642807E-014   1.6397994073713562E-013
   9.4060562894104222E-003   3.6454173013567016E-015   1.8819787088177120E-014   1.7563728249569976E-013
   9.6248080701775169E-003   3.7948116871078240E-015   2.0701434775464394E-014   2.1160850849355484E-013
   9.8435598509446116E-003   4.1923825522260929E-015   2.4191958022716654E-014   2.6478819137309983E-013
   1.0062311631711706E-002   4.9684423242268851E-015   3.0684899645421005E-014   3.2518432391270835E-013
   1.0281063412478801E-002   5.6339585774445309E-015   3.7838395781634370E-014   3.8113956435381624E-013
   1.0499815193245896E-002   6.5591698739098089E-015   4.6632665440593172E-014   5.4778404035005224E-013
   1.0718566974012991E-002   7.8381884316414136E-015   5.7192249871032519E-014   7.3374639697476596E-013
   1.0937318754780085E-002   8.4986531700970153E-015   6.1732312334322224E-014   8.0135897917443799E-013
   1.1156070535547180E-002   9.4769539438210864E-015   7.0596694928399720E-014   8.9772633771190158E-013
   1.1374822316314275E-002   1.0824695306776987E-014   8.5064033944148596E-014   1.2607692667643278E-012
   1.1593574097081370E-002   1.1161953306082495E-014   8.7375810795783026E-014   1.3572476476042539E-012
   1.1812325877848464E-002   1.1447405523501430E-014   8.2540214833170257E-014   1.3237189122605741E-012
   1.2031077658615559E-002   1.1287547285743216E-014   7.6814000072567456E-014   1.2395640069939873E-012
   1.2249829439382654E-002   1.0758928470355756E-014   6.9930881500901656E-014   1.0946799022804043E-012
   1.2468581220149749E-002   1.0751635692862748E-014   6.0539884169435353E-014   7.8648199064446089E-013
   1.2687333000916843E-002   1.1310188896551665E-014   5.8579312425056922E-014   6.3249405712895168E-013
   1.2906084781683938E-002   1.1060423410480524E-014   5.9555029172002417E-014   7.7171602441694631E-013
   1.3124836562451033E-002   1.1172909819556764E-014   6.2602926998046846E-014   6.9710903716213579E-013
   1.3343588343218128E-002   1.2165511653616789E-014   7.1419679149303905E-014   7.3330230776491589E-013
   1.3562340123985222E-002   1.3390781539168728E-014   8.6604468858609293E-014   1.1562972801471005E-012
   1.3781091904752317E-002   1.5182577417505172E-014   9.9627648760321945E-014   1.3341550086920506E-012
   1.3999843685519412E-002   1.8325611861325085E-014   1.1692389530231645E-013   1.3379297669757761E-012
   1.4218595466286506E-002   2.1817762874132286E-014   1.3451643134456766E-013   1.7124079931818414E-012
   1.4437347247053601E-002   2.3786687897153770E-014   1.3842792472281123E-013   1.6987522499789520E-012
   1.4656099027820696E-002   2.5239303702573325E-014   1.3980623334720909E-013   1.4989121055464238E-012
   1.4874850808587791E-002   2.7608873520712508E-014   1.5216240371138982E-013   1.2341239141733240E-012
   1.5093602589354885E-002   2.9087551811635135E-014   1.6122397914234912E-013   1.5563106359195444E-012
   1.5312354370121980E-002   3.2494437696151124E-014   1.9096125485222601E-013   2.0889956431346945E-012
   1.5531106150889075E-002   3.6172669026779402E-014   2.4133206820984745E-013   3.1152858070981893E-012
   1.5749857931656168E-002   4.1132500183671540E-014   2.8599635513500624E-013   3.7410075037769275E-012
   1.5968609712423261E-002   4.4785820885184791E-014   3.0880949918650002E-013   3.9449554734005687E-012
   1.6187361493190354E-002   5.1082901797450121E-014   3.3885846322809746E-013   4.1568970488015111E-012
   1.6406113273957447E-002   5.5630312856269624E-014   3.7920389714192914E-013   4.6919135243683741E-012
   1.6624865054724540E-002   5.4252012604560916E-014   3.7070412477179522E-013   4.2118530885204564E-012
   1.6843616835490852E-002   5.6030562134434800E-014   3.5759188926933925E-013   4.0846215298984134E-012
   1.7062368616257945E-002   5.6167438755583277E-014   3.5341847581713408E-013   4.2655878829123139E-012
   1.7281120397025038E-002   5.5508604657195092E-014   3.5169161415148418E-013   4.4214631955696859E-012
   1.7499872177792131E-002   5.3876833550070559E-014   3.2917496016650359E-013   3.7109204598095857E-012
   1.7718623958559224E-002   5.5396742748570203E-014   3.4855440731638645E-013   4.6336268155755533E-012
   1.7937375739326317E-002   5.6799856484879284E-014   3.7752707483405233E-013   5.8172355821284327E-012
   1.8156127520093410E-002   5.8736814023685470E-014   4.0113470088308928E-013   6.2352345508998042E-012
   1.8374879300860503E-002   6.0613541963405739E-014   4.1160520247585220E-013   5.9445781630529382E-012
   1.8593631081627596E-002   5.9569224553079891E-014   4.0779253061463378E-013   4.9192871998116061E-012
   1.8812382862394689E-002   6.1421472075107174E-014   3.9696371880663929E-013   5.5236926144175413E-012
   1.9031134643161782E-002   6.2046902338241948E-014   4.5073106205705725E-013   6.8435257460919274E-012
   1.9249886423928875E-002   6.8259183028107625E-014   5.4793159103534215E-013   7.9957152010479149E-012
   1.9468638204695968E-002   6.6835113832208747E-014   5.2883010376167839E-013   8.0588868911490863E-012
   1.9687389985463061E-002   6.6675956422734828E-014   4.8512356662715829E-013   7.1412875612963944E-012
   1.9906141766230154E-002   6.5009074512456522E-014   4.3460552151819783E-013   5.6660232061744864E-012
   2.0124893546997247E-002   6.0799261458743812E-014   3.8778723128724905E-013   4.7902792843501629E-012
   2.0343645327764340E-002   5.8409256598057624E-014   3.5579761279381062E-013   3.9040992660943630E-012
   2.0562397108531433E-002   5.8722554596712938E-014   3.6966683550902864E-013   4.9453774408902973E-012
   2.0781148889298526E-002   5.9875958358102109E-014   3.8550158576793674E-013   5.9061644464009078E-012
   2.0999900670065619E-002   5.8931005908480210E-014   3.9195652027399313E-013   6.2955196611369502E-012
   2.1218652450832712E-002   5.9768828775119684E-014   3.9307088258628046E-013   6.1919358529394231E-012
   2.1437404231599805E-002   5.8977066286214352E-014   3.8467158027615201E-013   5.5393467590647560E-012
   2.1656156012366898E-002   6.2206018114352448E-014   3.5873839806187587E-013   3.8195002716179260E-012
   2.1874907793133992E-002   6.1602396794757655E-014   3.5707930339799180E-013   3.9342973323641672E-012
   2.2093659573901085E-002   6.1177563015490932E-014   3.7998509105641742E-013   5.5682125577050101E-012
   2.2312411354668178E-002   5.9010282771332358E-014   3.6184327420825969E-013   5.4927173920304995E-012
   2.2531163135435271E-002   5.8593914442628398E-014   3.4157143399765837E-013   4.5948800320161354E-012
   2.2749914916200851E-002   5.9581853339985000E-014   3.3069792279910530E-013   3.1958879986859756E-012
   2.2968666696967944E-002   6.2739854977955642E-014   3.3774534627166200E-013   3.2012170692041764E-012
   2.3187418477735037E-002   5.8077070930195876E-014   3.4726113404497273E-013   4.0003556023293640E-012
   2.3406170258502130E-002   6.7190183972165586E-014   4.0113040361979725E-013   5.3277382505712012E-012
   2.3624922039269223E-002   6.9726856233298666E-014   4.5847229120535704E-013   6.8171024381058487E-012
   2.3843673820036316E-002   7.0348456226998485E-014   4.9667949291459935E-013   7.4981132414109197E-012
   2.4062425600803409E-002   7.2231789993715270E-014   5.2023192130757187E-013   7.7138295750955876E-012
   2.4281177381570502E-002   7.3906505915211080E-014   5.2520008427637393E-013   7.5146555644778346E-012
   2.4499929162337595E-002   7.0636767268705825E-014   4.6647006334354900E-013   6.3339333777889806E-012
   2.4718680943104688E-002   6.6641206442064062E-014   3.9361311954697762E-013   5.1546544810321393E-012
   2.4937432723871781E-002   6.3501412461697271E-014   3.4255294317540788E-013   3.5963454436682696E-012
   2.5156184504638874E-002   6.3601450495109898E-014   3.1992222235726521E-013   3.1326052862823417E-012
   2.5374936285405967E-002   6.3907684699771034E-014   3.1196115164497635E-013   3.4646729929477260E-012
   2.5593688066173060E-002   7.9447649847796948E-014   4.4193632021794189E-013   5.1015858204550568E-012
   2.5812439846940153E-002   9.6989201392450043E-014   5.4983270106667922E-013   7.6277872906871380E-012
   2.6031191627707246E-002   1.1401606742067472E-013   7.2117021266905309E-013   9.8882013688239567E-012
   2.6249943408474339E-002   1.2666832860386280E-013   8.5317100041355482E-013   1.1078249428919662E-011
   2.6468695189241432E-002   1.4097435718785077E-013   1.0257710346017653E-012   1.2939982418913587E-011
   2.6687446970008525E-002   1.7694768567055873E-013   1.2936840956977160E-012   1.6074253039732866E-011
   2.6906198750775618E-002   2.5665409381092628E-013   1.8734006790519508E-012   2.0062174144186429E-011
   2.7124950531542711E-002   3.3448734754193411E-013   2.3292978495989113E-012   2.4203083981433338E-011
   2.7343702312309804E-002   4.1599401701120085E-013   2.9542930304080491E-012   3.5888847449427885E-011
   2.7562454093076897E-002   5.2050343202214575E-013   3.8751487353900603E-012   5.1389670296941858E-011
   2.7781205873843990E-002   4.5644475282768940E-012   6.1961028561816158E-011   1.0173076825381600E-009
   2.7999957654611083E-002   1.8570007531693023E-011   2.4664926890360924E-010   4.3118358883376118E-009
   2.8218709435378176E-002   9.5142456836561089E-011   1.1584467071770494E-009   1.8749569674625377E-008
   2.8437461216145269E-002   1.2417181189522396E-010   1.4233192565617934E-009   2.2447282810311719E-008
   2.8656212996912362E-002   1.7007367851540334E-010   1.7489000180135852E-009   2.7126098145480171E-008
   2.8874964777679455E-002   2.2021595467991428E-010   2.1276700989069710E-009   2.9444650273546813E-008
   2.9093716558446548E-002   2.8833473309647360E-010   2.7314680329419700E-009   3.7579018341560300E-008
   2.9312468339213641E-002   3.4016958330718164E-010   3.2538430403922944E-009   4.9919865796610452E-008
   2.9531220119980734E-002   3.7162749322999789E-010   3.5642656753316060E-009   5.7934112174251595E-008
   2.9749971900747827E-002   3.9454956402701358E-010   3.7994730220602576E-009   6.4240584962682590E-008
   2.9968723681514920E-002   4.2141000074213951E-010   3.9307539707742646E-009   6.7780097201541878E-008
   3.0187475462282013E-002   4.4271609505458500E-010   3.9436444140729474E-009   6.7441974227477886E-008
   3.0406227243049106E-002   4.0045020478080006E-010   3.3755710947861814E-009   4.9561973081146959E-008
   3.0624979023816199E-002   4.1852085484045397E-010   3.0990849295814713E-009   3.3126358656154764E-008
   3.0843730804583292E-002   3.7891904131059916E-010   2.8884079539508951E-009   4.0736663042828525E-008
   3.1062482585350385E-002   3.4448199955072755E-010   2.6388204372682676E-009   4.4465109594327146E-008
   3.1281234366117482E-002   3.0669456738130484E-010   2.3473096282287590E-009   4.0841478643471874E-008
   3.1499986146884575E-002   2.8668192956354808E-010   2.0686180430763606E-009   3.1692174773390036E-008
   3.1718737927651668E-002   2.8120228610234443E-010   1.8521335330925207E-009   2.1605451760997596E-008
   3.1937489708418761E-002   2.5321479784484738E-010   1.7033204053280469E-009   2.3114813507696397E-008
   3.2156241489185854E-002   2.3018064004842743E-010   1.5682628626004203E-009   2.4667519582521891E-008
   3.2374993269952947E-002   2.2629092715636955E-010   1.4634236631510272E-009   2.1490666024526206E-008
   3.2593745050720040E-002   2.3279366255513080E-010   1.3867703298901126E-009   1.4730010988728282E-008
   3.2812496831487133E-002   2.1597006987644773E-010   1.3261231479930321E-009   1.6140104031059366E-008
   3.3031248612254226E-002   1.9330638174885894E-010   1.2536724665058755E-009   1.7745213187758679E-008
   3.3250000393021319E-002   1.9659298501617518E-010   1.1813968756833020E-009   1.5945169518083446E-008
   3.3468752173788412E-002   1.9821080112641943E-010   1.1371099573248185E-009   1.1324924331646002E-008
   3.3687503954555505E-002   1.8851036498457319E-010   1.0901552561969154E-009   1.2032452145760431E-008
   3.3906255735322598E-002   1.7168226845026836E-010   1.0430688007561322E-009   1.3260633036082936E-008
   3.4125007516089691E-002   1.7972440149310876E-010   1.0094068515278181E-009   1.1883469652751444E-008
   3.4343759296856784E-002   1.7248602281888514E-010   9.8260916540866763E-010   8.6081625161327224E-009
   3.4562511077623877E-002   1.6911313573814147E-010   9.5720052902135998E-010   9.0876735026057531E-009
   3.4781262858390970E-002   1.6968201756173419E-010   9.4546083932498172E-010   9.2384950800550314E-009
   3.5000014639158063E-002   1.8172101087787773E-010   9.3986772565246567E-010   7.5693973311530272E-009
   3.5218766419925156E-002   1.7092424579173704E-010   9.1049863702075295E-010   8.6838982671366693E-009
   3.5437518200692249E-002   1.5607034795084296E-010   8.8870158121757693E-010   9.5565924063123475E-009
   3.5656269981459342E-002   1.6643813347677618E-010   8.8157540022990208E-010   8.8519497287720128E-009
   3.5875021762226435E-002   1.6875196266058491E-010   8.8489411907044388E-010   7.2334552791986084E-009
   3.6093773542993528E-002   1.6229091599762046E-010   8.7350353293887650E-010   7.9545527942315175E-009
   3.6312525323760420E-002   1.5555178989323793E-010   8.7044457317687827E-010   9.1914881261700998E-009
   3.6531277104527513E-002   1.6341997435137535E-010   8.6144884763065146E-010   8.7891661726402504E-009
   3.6750028885294606E-002   1.6447627950583187E-010   8.4253963973300101E-010   7.0860727285904090E-009
   3.6968780666061699E-002   1.5225857295103618E-010   8.2453515021439791E-010   7.3555100899014292E-009
   3.7187532446828792E-002   1.5566214364021170E-010   8.1533642413523106E-010   7.9181511347670153E-009
   3.7406284227595885E-002   1.5943056097533771E-010   8.0941302516895819E-010   7.1353783992478270E-009
   3.7625036008362978E-002   1.5372178163719496E-010   8.0663185022993285E-010   7.6850644736836671E-009
   3.7843787789130071E-002   1.5129814251446659E-010   8.1226988452970205E-010   9.4444881915123347E-009
   3.8062539569897164E-002   1.5408962431018303E-010   8.1155424147784959E-010   9.7171344304314289E-009
   3.8281291350664257E-002   1.5186015581147850E-010   8.0267745710460246E-010   8.8742696524590770E-009
   3.8500043131431350E-002   1.4895483985144510E-010   7.8915058711471901E-010   7.2553159036203851E-009
   3.8718794912198443E-002   1.4643309179801501E-010   7.7619783148484330E-010   7.4720100107228404E-009
   3.8937546692965536E-002   1.5127902678463423E-010   7.6660494749832308E-010   7.6988850850057133E-009
   3.9156298473732629E-002   1.4803876491331635E-010   7.5908234602396412E-010   7.1874894924661703E-009
   3.9375050254499722E-002   1.4344292073587006E-010   7.5110072540570298E-010   6.7468652886759628E-009
   3.9593802035266815E-002   1.4613576809069385E-010   7.4347113500551410E-010   7.3637672626247763E-009
   3.9812553816033908E-002   1.4830127070125655E-010   7.3652959741600638E-010   7.1814832969252507E-009
   4.0031305596801001E-002   1.4127251235507288E-010   7.3154745734201969E-010   6.4797238685798675E-009
   4.0250057377568094E-002   1.3863688146792398E-010   7.3056030772326327E-010   7.3518063858912797E-009
   4.0468809158335187E-002   1.4313259558140778E-010   7.3272362498237562E-010   7.6424206962855123E-009
   4.0687560939102280E-002   1.4447260729411048E-010   7.2844534480863295E-010   7.5204684701901670E-009
   4.0906312719869373E-002   1.3587141309279183E-010   7.2712412313013459E-010   7.9816985243397198E-009
   4.1125064500636466E-002   1.3194309476244337E-010   7.2062911391865161E-010   8.6927293141414452E-009
   4.1343816281403559E-002   1.3969561534626918E-010   7.0700427953137280E-010   8.1318268785324221E-009
   4.1562568062170652E-002   1.3952782596665659E-010   7.1031125660036588E-010   7.3360418850754172E-009
   4.1781319842937745E-002   1.2993239342090624E-010   7.1884527833955654E-010   9.2064400547542391E-009
   4.2000071623704838E-002   1.2600592313311010E-010   7.2114665798619917E-010   1.0125126070903434E-008
   4.2218823404471931E-002   1.3389523328966035E-010   7.1962404861974833E-010   1.0087503388156449E-008
   4.2437575185239024E-002   1.3116117331818388E-010   7.3221352645352796E-010   1.0000720473968272E-008
   4.2656326966006117E-002   1.3217978277885178E-010   7.4835123969041437E-010   9.6165680973925305E-009
   4.2875078746773210E-002   1.3503974872347557E-010   7.6610234420506679E-010   9.3243626153594050E-009
   4.3093830527540303E-002   1.4141554018770597E-010   7.5515775769733075E-010   8.3399676054085603E-009
   4.3312582308307396E-002   1.4340789681460687E-010   7.2929439161979116E-010   7.0495193016384405E-009
   4.3531334089074489E-002   1.3668684464146485E-010   7.1326560525415168E-010   6.4909682073732711E-009
   4.3750085869841582E-002   1.2982217761914327E-010   7.0429629538239275E-010   7.0844023980498605E-009
   4.3968837650608675E-002   1.3027063551496188E-010   7.0911925760213972E-010   8.8476577175811144E-009
   4.4187589431375768E-002   1.3390851467953713E-010   7.1602361657271586E-010   9.8375271262440833E-009
   4.4406341212142861E-002   1.2974058929277055E-010   7.2257991397546954E-010   9.8836953066339106E-009
   4.4625092992909954E-002   1.2459845390166980E-010   7.2732259912989795E-010   8.5931229909519402E-009
   4.4843844773677047E-002   1.2948966356812753E-010   7.4463371790429932E-010   9.4473303624553751E-009
   4.5062596554444140E-002   1.3294735914243238E-010   7.5420643233459562E-010   1.0816804896229826E-008
   4.5281348335211233E-002   1.2870127655967290E-010   7.4721607692442806E-010   1.0462958499601882E-008
   4.5500100115978326E-002   1.2523429107624829E-010   7.4584560916571634E-010   9.0128700058755840E-009
   4.5718851896745419E-002   1.3441126985036523E-010   7.5078470957630698E-010   9.8320663832751620E-009
   4.5937603677512512E-002   1.3432231976695518E-010   7.5388030307610084E-010   1.0787247983756743E-008
   4.6156355458279605E-002   1.2895271766372175E-010   7.4695438186555508E-010   1.0251205218025916E-008
   4.6375107239046698E-002   1.2432415749663583E-010   7.4364936650582252E-010   8.8151197452646102E-009
   4.6593859019813791E-002   1.3028067168824319E-010   7.3771377878976561E-010   1.0102097158792844E-008
   4.6812610800580884E-002   1.2830262841045935E-010   7.3203983615453535E-010   1.0244884829369028E-008
   4.7031362581347977E-002   1.2320879269611672E-010   7.2945646692234515E-010   9.3804748413361949E-009
   4.7250114362115070E-002   1.2354557507587848E-010   7.2946436056699288E-010   9.4004932726932111E-009
   4.7468866142882163E-002   1.2867430868035433E-010   7.2853211730576221E-010   1.0071082634510731E-008
   4.7687617923649256E-002   1.2682610753267376E-010   7.2933059582428462E-010   9.6703709484557976E-009
   4.7906369704416349E-002   1.2050219689446751E-010   7.3349931410936042E-010   9.5357760576675332E-009
   4.8125121485183442E-002   1.2196960377797162E-010   7.2827900035172400E-010   1.0674765404949937E-008
   4.8343873265949501E-002   1.2255660878160435E-010   7.2176537272315037E-010   1.0727246979591598E-008
   4.8562625046716594E-002   1.1860467892879645E-010   7.2067115488138647E-010   9.8400062542580713E-009
   4.8781376827483687E-002   1.1511035425543215E-010   7.2719806808598607E-010   9.5823864398880687E-009
   4.9000128608250780E-002   1.2039506272834566E-010   7.2970021148975485E-010   1.0518043880303196E-008
   4.9218880389017873E-002   1.2583839739330194E-010   7.3230290070383086E-010   1.0497344216098270E-008
   4.9437632169784966E-002   1.2571682283385456E-010   7.4441586968499360E-010   9.7767406392890166E-009
   4.9656383950552059E-002   1.2496588393598463E-010   7.6262605527481885E-010   8.7350378041861632E-009
   4.9875135731319152E-002   1.3038867198791880E-010   7.8375005536570704E-010   1.0948131401455896E-008
   5.0093887512086245E-002   1.2786927144209370E-010   8.0562442612485512E-010   1.2839373120243636E-008
   5.0312639292853338E-002   1.2684732339854344E-010   8.2515837965699311E-010   1.4179677432224480E-008
   5.0531391073620431E-002   1.2433826049318419E-010   7.9966754493846191E-010   1.3367354445570356E-008
   5.0750142854387524E-002   1.2631719814581998E-010   7.7959236551677559E-010   1.1731097093736764E-008
   5.0968894635151876E-002   1.2716189227296449E-010   7.6679328490438056E-010   9.5545320544232482E-009
   5.1187646415918969E-002   1.2654341490989097E-010   7.6018406564685924E-010   1.0047712328820069E-008
   5.1406398196686062E-002   1.2533276419826600E-010   7.5644250707590355E-010   9.9999620806201506E-009
   5.1625149977453155E-002   1.2687494156324307E-010   7.5425681701129991E-010   9.0634980631776330E-009
   5.1843901758220172E-002   1.2701893404090670E-010   7.5291703544986160E-010   9.6193824017376528E-009
   5.2062653538986939E-002   1.2789852961783698E-010   7.6348421018105957E-010   9.5229266694474290E-009
   5.2281405319753373E-002   1.2751879764974493E-010   7.8100771151551824E-010   1.0807570727244808E-008
   5.2500157100520466E-002   1.2293564282186975E-010   7.7414812708987304E-010   1.2144115046908155E-008
   5.2718908881287559E-002   1.2042001928946888E-010   7.6013189682075585E-010   1.2368130963835711E-008
   5.2937660662054652E-002   1.2154990855148261E-010   7.4690712109852227E-010   1.1692825707676491E-008
   5.3156412442821745E-002   1.2340648361530704E-010   7.3677604116569348E-010   1.0240888359547284E-008
   5.3375164223588838E-002   1.2298667239132865E-010   7.3259369850022259E-010   8.8212711579771508E-009
   5.3593916004355931E-002   1.2640484595843882E-010   7.3368811794527144E-010   9.3629534125838632E-009
   5.3812667785123024E-002   1.3152461381463199E-010   7.4077239341776358E-010   9.0914595851643298E-009
   5.4031419565890117E-002   1.3373189923851503E-010   7.5529973525737438E-010   8.1369216919924270E-009
   5.4250171346657210E-002   1.3241948090478295E-010   7.7472560959910543E-010   9.1904325261182862E-009
   5.4468923127424303E-002   1.3384195523755138E-010   7.9596030849156134E-010   1.1499922014657216E-008
   5.4687674908191396E-002   1.3415592158352861E-010   7.8855625502066729E-010   1.2249190772806173E-008
   5.4906426688958482E-002   1.3578411185363736E-010   7.7986050984248933E-010   1.1827239077000229E-008
   5.5125178469725575E-002   1.3311623792838789E-010   7.8206563280727951E-010   1.0552672957686582E-008
   5.5343930250492668E-002   1.2693407528546753E-010   7.7692615560717813E-010   1.0956655471794363E-008
   5.5562682031259761E-002   1.2970299845607713E-010   7.7074156342146364E-010   1.1806005284498156E-008
   5.5781433812026854E-002   1.3052482527448062E-010   7.7126956773614957E-010   1.1475834504892646E-008
   5.6000185592793947E-002   1.2726373387755840E-010   7.8236561191561365E-010   1.0073223810636023E-008
   5.6218937373561040E-002   1.2424366752777916E-010   7.8152177227855692E-010   1.1689361811839660E-008
   5.6437689154328133E-002   1.2366990762707753E-010   7.7285177840434445E-010   1.2367147084191288E-008
   5.6656440935095226E-002   1.2749054896163404E-010   7.6342375895421244E-010   1.2003789962022893E-008
   5.6875192715862319E-002   1.2733249970392490E-010   7.5772248298659871E-010   1.0698353092308821E-008
   5.7093944496629412E-002   1.2809544811323571E-010   7.5249248814754544E-010   8.6907416818604588E-009
   5.7312696277396505E-002   1.2999160257584630E-010   7.4754548147578668E-010   9.3100208653495997E-009
   5.7531448058163598E-002   1.3333293203895980E-010   7.4301589571117928E-010   9.0314286049775205E-009
   5.7750199838930691E-002   1.3139255584590504E-010   7.4182055338657607E-010   8.8628264727219630E-009
   5.7968951619697784E-002   1.2880285754635067E-010   7.4346870102837805E-010   9.1232060794865788E-009
   5.8187703400464877E-002   1.2841808935334931E-010   7.4097967753279080E-010   8.6970011192732954E-009
   5.8406455181231970E-002   1.2860615846224665E-010   7.3765044755895555E-010   9.5373324793257552E-009
   5.8625206961999063E-002   1.2598431671506649E-010   7.3627446371046587E-010   9.8333412523743391E-009
   5.8843958742766156E-002   1.2395536357068250E-010   7.3702533616685095E-010   9.4349934531834379E-009
   5.9062710523533249E-002   1.2713419647591984E-010   7.3432714468200291E-010   9.2110763461050738E-009
   5.9281462304300342E-002   1.2608771045308219E-010   7.3211307863491680E-010   9.8686452343343944E-009
   5.9500214085067435E-002   1.2040162484724949E-010   7.3178757462950029E-010   9.7727085313081830E-009
   5.9718965865834528E-002   1.2313854565182415E-010   7.2974840383732363E-010   8.9654562662744297E-009
   5.9937717646601621E-002   1.2445295324153838E-010   7.2824212887339814E-010   9.5377039599497948E-009
   6.0156469427368714E-002   1.2286171002795498E-010   7.2882173734144841E-010   9.7584333946798552E-009
   6.0375221208135807E-002   1.2302672055403142E-010   7.3224486862382192E-010   9.2264255124874239E-009
   6.0593972988902900E-002   1.2469733342082568E-010   7.3328368941170467E-010   9.5092744789582184E-009
   6.0812724769669993E-002   1.2149935521565957E-010   7.3371164626561935E-010   9.9753646454203704E-009
   6.1031476550437086E-002   1.1752287502192482E-010   7.3659843078120825E-010   9.6585137665528009E-009
   6.1250228331204179E-002   1.6565183382638570E-010   1.2714052251542671E-009   2.3129883675032659E-008
   6.1468980111971272E-002   1.8313000694006319E-010   1.4571698447640454E-009   2.5099950340390365E-008
   6.1687731892738365E-002   2.2575749121511725E-010   1.7355389463199122E-009   2.5099580747145467E-008
   6.1906483673505458E-002   3.1095375691014835E-010   2.2575501102815274E-009   2.4056276970441104E-008
   6.2125235454272551E-002   4.2141454272351389E-010   3.3153059895700414E-009   3.9855913791519981E-008
   6.2343987235039644E-002   6.2156270525665080E-010   5.8146289489740258E-009   8.7168493534406366E-008
   6.2562739015806737E-002   7.9235035952557315E-010   7.5788767272255133E-009   1.1396697896515207E-007
   6.2781490796573830E-002   1.4490088388087463E-009   1.7061523372147708E-008   2.8743706037559491E-007
   6.3000242577340923E-002   1.8869160141009313E-009   2.0656152723061988E-008   3.5233827344605118E-007
   6.3218994358108016E-002   2.4433139484830723E-009   2.4930857151845218E-008   3.8727491691314953E-007
   6.3437746138875109E-002   2.6843521154645833E-009   2.6203429228070177E-008   3.8575768779303132E-007
   6.3656497919642202E-002   3.0852581106161071E-009   3.0550950787813907E-008   4.3994390064305833E-007
   6.3875249700409295E-002   3.5295839384899552E-009   3.3499738179159848E-008   4.6322987523605974E-007
   6.4094001481176388E-002   3.6538374601768898E-009   3.0240452362859270E-008   4.0048047023066857E-007
   6.4312753261873482E-002   3.3431413145497415E-009   2.5871675224836476E-008   2.9814313295961625E-007
   6.4531505042640575E-002   2.8198346154265085E-009   2.3041165998535100E-008   3.0911504445008120E-007
   6.4750256823407668E-002   2.7465598528043921E-009   2.1634302031818036E-008   3.0478467372141438E-007
   6.4969008604174761E-002   2.9158943479073994E-009   2.2636731212002248E-008   2.4509882912138181E-007
   6.5187760384941854E-002   3.1565636548387676E-009   2.3650608691751663E-008   3.3535180943289333E-007
   6.5406512165708947E-002   3.1435294258197468E-009   2.4024274427779275E-008   3.9246811200932541E-007
   6.5625263946476040E-002   2.9640667349138670E-009   2.3823442072430591E-008   3.8188942885764021E-007
   6.5844015727243133E-002   2.9702554318611350E-009   2.3408111418630754E-008   3.3213752648197925E-007
   6.6062767508010226E-002   3.0420165049553639E-009   2.1948250304484491E-008   2.9415381597175383E-007
   6.6281519288777319E-002   1.1202507933357614E-007   1.3137523967113861E-006   2.1916118370213233E-005
   6.6500271069544412E-002   1.3587901372225098E-007   1.4678320709298988E-006   2.3183898310130679E-005
   6.6719022850311505E-002   1.7686132875791363E-007   1.7784925658258925E-006   2.5906839136058402E-005
   6.6937774631078598E-002   2.3114645477532309E-007   2.2062655579240793E-006   2.8668647159224570E-005
   6.7156526411845691E-002   2.3412805715112768E-007   2.1441212673461892E-006   2.8010669175571046E-005
   6.7375278192612784E-002   2.4836251141367034E-007   2.1877918958904569E-006   2.9151969431762126E-005
   6.7594029973379877E-002   6.0939795406372497E-007   7.2121036057243066E-006   1.1363133856157059E-004
   6.7812781754146970E-002   7.2320465390281892E-007   8.1397445486488895E-006   1.2955016949323106E-004
   6.8031533534914063E-002   6.9754055694224923E-007   7.4500533839483254E-006   1.2165145535503186E-004
   6.8250285315681156E-002   6.8238398060389144E-007   6.6561756022137616E-006   1.0661989935667471E-004
   6.8469037096448249E-002   6.9793371589475450E-007   6.1404033476328955E-006   9.2535115954861524E-005
   6.8687788877215342E-002   5.9817359361298565E-007   5.0269285166133838E-006   6.8418987099305717E-005
   6.8906540657982435E-002   5.2976960922926013E-007   4.2584741385156279E-006   4.9238996830069937E-005
   6.9125292438749528E-002   8.0335110825305310E-007   7.5873958884193718E-006   1.1851542542762328E-004
   6.9344044219516621E-002   8.0241883662067818E-007   7.7225588121745985E-006   1.2151851970521044E-004
   6.9562796000283714E-002   9.6981172773999773E-007   9.6848425992884283E-006   1.6119493545607710E-004
   6.9781547781050807E-002   1.2876284662276838E-006   1.3473851075111554E-005   2.2788520493077780E-004
   7.0000299561817900E-002   1.2765146849704582E-006   1.2735222130391725E-005   2.0108883675529210E-004
   7.0219051342584993E-002   1.1040834684397163E-006   1.0638340005141382E-005   1.4967042712332734E-004
   7.0437803123352086E-002   1.1169472326553880E-006   9.3355823973298706E-006   1.2405950017724265E-004
   7.0656554904119179E-002   1.0126233805576348E-006   8.0585136038949499E-006   9.0880228719503187E-005
   7.0875306684886272E-002   9.0372318145156771E-007   7.0884525509014946E-006   9.5270926198764982E-005
   7.1094058465653365E-002   8.1372678525472653E-007   6.4003173759915888E-006   8.6506035765654410E-005
   7.1312810246420458E-002   1.1299259703533328E-006   8.8334444781467796E-006   1.2236381571428812E-004
   7.1531562027187551E-002   1.0937086379494143E-006   9.2755165686369852E-006   1.2917580908400339E-004
   7.1750313807954644E-002   1.2779551188405077E-006   1.1048182323170716E-005   1.6600528446608642E-004
   7.1969065588721737E-002   1.4578577981553230E-006   1.3347167334236532E-005   2.0669432586084557E-004
   7.2187817369488830E-002   1.3875325419467343E-006   1.2267646824565629E-005   1.7078945623405506E-004
   7.2406569150255923E-002   1.1512743620928980E-006   9.9779732520673484E-006   1.3353919548508841E-004
   7.2625320931023016E-002   9.0592421039320183E-007   7.4375381423047845E-006   9.6944037771162783E-005
   7.2844072711790109E-002   6.7057605664912206E-007   5.4354264780914213E-006   7.5962403012441726E-005
   7.3062824492557202E-002   5.7294736595446195E-007   4.4609318155418773E-006   7.0230675476623539E-005
   7.3281576273324295E-002   5.8891678160175389E-007   4.4931613639838552E-006   5.4528573320999918E-005
   7.3500328054091388E-002   6.2597816275653320E-007   4.6923246320246236E-006   5.6237079194998429E-005
   7.3719079834858481E-002   6.4549026844888316E-007   4.9627071673268804E-006   6.7565500555866187E-005
   7.3937831615625574E-002   6.5308608753701304E-007   4.8240582964384095E-006   6.5252263039994318E-005
   7.4156583396392667E-002   8.8905629580145543E-007   6.5713202758843321E-006   8.2870731588413626E-005
   7.4375335177159760E-002   8.2907765947086433E-007   6.0606940544592588E-006   7.6860285696866981E-005
   7.4594086957922634E-002   7.6341806862597479E-007   5.5381102369208686E-006   7.4066221191326775E-005
   7.4812838738643084E-002   9.7009929907828144E-007   7.8181411204845154E-006   1.1916403308065426E-004
   7.5031590519245156E-002   9.7287464414974946E-007   7.8747523862227987E-006   1.1204144449272757E-004
   7.5250342300012249E-002   8.7261410402102859E-007   6.9207817677125185E-006   8.7578887904782299E-005
   7.5469094080779342E-002   7.9014869989338726E-007   5.7914255710502374E-006   6.6139860786407212E-005
   7.5687845861546435E-002   7.0982067912212649E-007   4.9902130787933297E-006   6.1348873135691484E-005
   7.5906597642313528E-002   5.7905246088876818E-007   3.9257370725889481E-006   5.2180647574839867E-005
   7.6125349423080621E-002   4.6281049712449188E-007   3.2150628122841212E-006   4.4511787121281898E-005
   7.6344101203847714E-002   7.7647970179170121E-007   6.2332011158144779E-006   8.8693105033565978E-005
   7.6562852984614807E-002   7.8101345819979117E-007   6.0806558785578833E-006   8.8381737319731535E-005
   7.6781604765381900E-002   7.6997321343244903E-007   5.8006152202117597E-006   8.5725373574097041E-005
   7.7000356546148993E-002   9.9499763673215400E-007   7.8343461424202482E-006   1.1452438082648619E-004
   7.7219108326914782E-002   9.8589058595664049E-007   7.8426639139875754E-006   1.0659313406580218E-004
   7.7437860107681875E-002   9.1710174637546838E-007   7.0622093977560176E-006   8.4332018038590917E-005
   7.7656611888448968E-002   8.5027255730290778E-007   6.4803619759066654E-006   7.7769509631009370E-005
   7.7875363669216061E-002   8.6796918338838060E-007   6.4121769169197506E-006   7.7621930145710394E-005
   7.8094115449983154E-002   8.0291105038223297E-007   5.9554418555896007E-006   7.5955255578019631E-005
   7.8312867230750247E-002   6.9884022878370994E-007   5.0748745469811565E-006   6.2240408218672272E-005
   7.8531619011517340E-002   8.7891504141585781E-007   7.0286870681985990E-006   9.5307975040648252E-005
   7.8750370792284433E-002   7.9034755487136789E-007   6.3831544601876361E-006   9.3164603309547900E-005
   7.8969122573051526E-002   7.2068065928947846E-007   5.7545796252756703E-006   8.7374283264995967E-005
   7.9187874353818619E-002   9.4457495639822113E-007   7.7844706330709130E-006   1.1006780835975949E-004
   7.9406626134585712E-002   1.0083602631868054E-006   8.1274891470234961E-006   1.0341893283327686E-004
   7.9625377915352805E-002   9.6466611044408047E-007   7.6554147896588770E-006   8.7902103557579991E-005
   7.9844129696119898E-002   8.9973812499824152E-007   6.9028161701874672E-006   8.4016761587313304E-005
   8.0062881476886991E-002   8.8347993964502455E-007   6.4536643270390478E-006   7.8969520299398965E-005
   8.0281633257654084E-002   7.8642446540452136E-007   5.7100132171669650E-006   7.2952006273663272E-005
   8.0500385038421177E-002   6.8676387725634391E-007   4.8240459811782078E-006   5.7283751750847323E-005
   8.0719136819188270E-002   8.6321072703018222E-007   6.8828574034092037E-006   9.3703288799762419E-005
   8.0937888599955363E-002   8.3865725734254274E-007   6.7349119637440735E-006   9.1876568344195775E-005
   8.1156640380722456E-002   7.9879933887120823E-007   6.3500425860429144E-006   8.9942149801958138E-005
   8.1375392161489549E-002   1.0433706482575640E-006   8.8378851051343998E-006   1.3084959067788393E-004
   8.1594143942256642E-002   1.0764788475651834E-006   8.9418581533830046E-006   1.1989607158180426E-004
   8.1812895723023735E-002   1.0036691364201204E-006   8.1178509931094936E-006   9.2828299136371584E-005
   8.2031647503790828E-002   8.7990078897648778E-007   6.7922132146052625E-006   7.8315384945404354E-005
   8.2250399284557921E-002   8.0124697428506776E-007   5.7837416245526462E-006   6.9636394747440988E-005
   8.2469151065325014E-002   6.4154580687353010E-007   4.6437464516204696E-006   6.4180786928269562E-005
   8.2687902846092107E-002   5.2418926821444156E-007   4.0227598061341183E-006   5.4733362570780209E-005
   8.2906654626859200E-002   8.2812250108389718E-007   7.2737427760574336E-006   1.0863898416202389E-004
   8.3125406407626293E-002   8.5370612809983551E-007   7.0945820214179749E-006   1.0512477256219288E-004
   8.3344158188393386E-002   9.8661057107495704E-007   8.2062698485412977E-006   1.2173092756251336E-004
   8.3562909969160479E-002   1.1369646790155528E-006   1.0135927088461083E-005   1.5876519777491271E-004
   8.3781661749927572E-002   1.0106760526091830E-006   8.3972964524615570E-006   1.2066140691502358E-004
   8.4000413530694665E-002   8.6146906901675427E-007   6.7509857645280741E-006   8.2660760551078738E-005
   8.4219165311461758E-002   9.1459207361689265E-007   6.7436978766530233E-006   8.3939611477679144E-005
   8.4437917092228851E-002   7.3370899927193219E-007   6.0596527978794857E-006   8.0896916539674457E-005
   8.4656668872995944E-002   7.1644477409619005E-007   5.8147591976973342E-006   8.8764223026061018E-005
   8.4875420653763037E-002   7.3562640312329481E-007   5.7187648922791409E-006   8.2901243753319420E-005
   8.5094172434530130E-002   7.2729853920109124E-007   5.5721363518269928E-006   6.9656065955547852E-005
   8.5312924215297223E-002   6.4648161118135978E-007   5.2165531154149043E-006   6.6791917833097791E-005
   8.5531675996064316E-002   6.1851781930094206E-007   4.6662846409022636E-006   6.3762373611164769E-005
   8.5750427776831409E-002   5.1815017969204093E-007   3.9876437732657287E-006   5.4489800814683242E-005
   8.5969179557598502E-002   4.7548596063743188E-007   3.4536902064461783E-006   5.0203149399630220E-005
   8.6187931338365595E-002   4.4651941012081515E-007   3.0687578352141356E-006   4.0863848404182335E-005
   8.6406683119132688E-002   6.1863184963640435E-007   4.9747566450409697E-006   7.4113403978226522E-005
   8.6625434899899781E-002   6.0956380357643498E-007   4.7765719911154369E-006   6.5500708785193318E-005
   8.6844186680666874E-002   6.0150262817311107E-007   4.6620044728263422E-006   7.0983066443597309E-005
   8.7062938461433967E-002   5.7834285524237600E-007   4.2738094379405249E-006   6.9618317265263130E-005
   8.7281690242201060E-002   5.5321448635998676E-007   4.0748204166565249E-006   6.4901069224521102E-005
   8.7500442022968153E-002   5.3633763546396049E-007   3.9579948307568249E-006   5.2580628972731525E-005
   8.7719193803735246E-002   5.5273421989580209E-007   3.9235915864097215E-006   4.9143706649212859E-005
   8.7937945584502339E-002   5.1769271578354367E-007   3.6929225536069938E-006   4.9120249295486751E-005
   8.8156697365269432E-002   4.6231670607662508E-007   3.4475282489623573E-006   4.4978950454077626E-005
   8.8375449146036525E-002   4.4252646878892991E-007   3.1263309967902282E-006   3.6863214774918163E-005
   8.8594200926803618E-002   4.3127769107686313E-007   2.8271217314682895E-006   3.1491454286047826E-005
   8.8812952707570711E-002   3.8852870586962227E-007   2.6311501472550692E-006   3.5932001989480433E-005
   8.9031704488337804E-002   3.4299507549887669E-007   2.4942683030795439E-006   3.8915784792981079E-005
   8.9250456269104897E-002   3.6803515510772100E-007   2.5099331065489679E-006   3.9399714494958715E-005
   8.9469208049871990E-002   3.5701673868442430E-007   2.6184508134477067E-006   3.7332202001305603E-005
   8.9687959830636946E-002   3.6024373329076808E-007   2.7389788386942787E-006   3.8704470749495457E-005
   8.9906711611404039E-002   3.3696872816933732E-007   2.4873384393262988E-006   3.7610047955105586E-005
   9.0125463392171132E-002   2.9996721451529261E-007   2.2103841099243648E-006   3.0644282705050152E-005
   9.0344215172938225E-002   3.2076815259102221E-007   2.2165842884675853E-006   2.6335365464258409E-005
   9.0562966953705318E-002   3.1095824241323540E-007   2.1808434459504399E-006   2.9013346255379879E-005
   9.0781718734472411E-002   2.8233223137535609E-007   2.1514864213753180E-006   2.8504825636543885E-005
   9.1000470515239504E-002   2.9305469725680878E-007   2.1842032578198623E-006   2.6307654927837376E-005
   9.1219222296006597E-002   3.1584931476048504E-007   2.3566900817427117E-006   3.0352384449705561E-005
   9.1437974076773690E-002   2.9619909880654676E-007   2.3159363324856758E-006   2.9767430182237042E-005
   9.1656725857540783E-002   2.8519544518646952E-007   1.9596315504731223E-006   2.0123314055209285E-005
   9.1875477638307876E-002   2.5433638796991399E-007   1.7426803673098032E-006   2.0403240902244768E-005
   9.2094229419074969E-002   2.2734337328382190E-007   1.6115775104654913E-006   2.2579139179135232E-005
   9.2312981199842062E-002   2.5089108876137284E-007   1.7269568783080085E-006   2.2454567167873307E-005
   9.2531732980609155E-002   2.4641558865178687E-007   1.6197486365835447E-006   1.8223571591868826E-005
   9.2750484761376248E-002   2.3111720935315578E-007   1.5527428517082425E-006   2.2983013897692750E-005
   9.2969236542143341E-002   2.2936299727554718E-007   1.6868293547869718E-006   2.6940150804399821E-005
   9.3187988322910434E-002   3.3761005897201336E-007   2.2811319186762283E-006   3.1270985940357043E-005
   9.3406740103677527E-002   3.4559045143245718E-007   2.3552245143066786E-006   2.9311894186867526E-005
   9.3625491884444620E-002   3.7019659927823441E-007   2.6756136916204140E-006   3.8783874088954562E-005
   9.3844243665211713E-002   4.8027681473665835E-007   3.5607055938397001E-006   4.8457307036398056E-005
   9.4062995445978806E-002   5.0160051994159811E-007   3.9058908986041581E-006   5.4007447080173243E-005
   9.4281747226745899E-002   5.3264899001717945E-007   3.9901285167590159E-006   4.9419772472081291E-005
   9.4500499007512992E-002   7.8693004160718113E-007   6.6617031240824019E-006   1.0364205771506985E-004
   9.4719250788280085E-002   8.1088223981497231E-007   6.5011594345554856E-006   9.5355163410082433E-005
   9.4938002569047178E-002   9.6433849092164924E-007   7.4820822557997444E-006   9.3286926223012934E-005
   9.5156754349814271E-002   1.1146871064436972E-006   9.1439538125904063E-006   1.2744738757441976E-004
   9.5375506130581364E-002   1.0110334918030094E-006   8.0305026640556407E-006   1.0022725010883082E-004
   9.5594257911348457E-002   9.2931202074498022E-007   7.1113411153829726E-006   8.6654588619228257E-005
   9.5813009692115550E-002   9.5003481059566594E-007   6.8118941591300437E-006   7.7989911836939818E-005
   9.6031761472882643E-002   8.5012870010182580E-007   6.0383466817224671E-006   6.6158754973288936E-005
   9.6250513253649736E-002   7.5962695127057899E-007   5.4142559806540204E-006   6.4031782053608488E-005
   9.6469265034416829E-002   6.8001743256031894E-007   4.7840991473349541E-006   6.0595136790686510E-005
   9.6688016815183922E-002   8.4883900854219180E-007   6.3428662596819119E-006   9.6423607300777370E-005
   9.6906768595951015E-002   8.1925138077251772E-007   6.6451933388582101E-006   1.0299199647489932E-004
   9.7125520376718108E-002   9.0342133015145625E-007   7.9783939319240907E-006   1.3032922696454285E-004
   9.7344272157485201E-002   1.0369416872109856E-006   9.7156964783260257E-006   1.5945263255912057E-004
   9.7563023938252294E-002   1.0180467361614806E-006   9.0268893232599665E-006   1.3243686883546157E-004
   9.7781775719019387E-002   8.6429616940305460E-007   7.5493150734658078E-006   1.1266653038233265E-004
   9.8000527499786480E-002   9.3202630165204961E-007   7.0715147273968084E-006   8.8247855818401888E-005
   9.8219279280553573E-002   7.7689384691932704E-007   5.7401719966646949E-006   6.4323652503639472E-005
   9.8438031061320666E-002   6.2972569271854684E-007   4.7215608644835594E-006   5.2694763807648037E-005
   9.8656782842087759E-002   5.5657005407230495E-007   4.0217157983321122E-006   4.4358278058265199E-005
   9.8875534622854852E-002   5.2480237198439592E-007   3.7190556065034431E-006   4.1572270862544336E-005
   9.9094286403621945E-002   4.6428697901034972E-007   3.2963344440942224E-006   4.3995130688645467E-005
   9.9313038184389038E-002   4.1460855523334226E-007   2.9688628573262656E-006   4.2700079392776757E-005
   9.9531789965156131E-002   3.9005698178786949E-007   2.6737183176401021E-006   3.9309644104701391E-005
   9.9750541745923224E-002   4.0085912844115002E-007   2.6346781539847408E-006   3.1743140361029099E-005
   9.9969293526690317E-002   3.6701788307683114E-007   2.5478863867878001E-006   2.9291229898587012E-005
  0.10018804530745741        3.3636269795156435E-007   2.4095888407702206E-006   2.8958152956226613E-005
  0.10040679708822450        3.2821764516096849E-007   2.2267343873848639E-006   2.3254409834416734E-005
  0.10062554886899160        3.2192923897308989E-007   2.1078904381798548E-006   2.9108859639359608E-005
  0.10084430064975869        2.8094874778142669E-007   2.0345220314564806E-006   3.2196365973735652E-005
  0.10106305243052578        2.6050880761308711E-007   1.9969313881668009E-006   3.2646547153292182E-005
  0.10128180421129288        2.7286386008072012E-007   1.9079918132489892E-006   2.7321884377262684E-005
  0.10150055599205997        2.6585634095303498E-007   1.8327899400148387E-006   2.3756520105888690E-005
  0.10171930777282706        2.4951532907119616E-007   1.7591503990799214E-006   2.6525553067591190E-005
  0.10193805955359415        2.2931174545299040E-007   1.6990071617740087E-006   2.5183119129690290E-005
  0.10215681133436125        2.3532659263312412E-007   1.6464337255960178E-006   2.0444778701889099E-005
  0.10237556311512834        2.2846608771645223E-007   1.5811667408908350E-006   2.0145288111006465E-005
  0.10259431489589543        2.2657125024515972E-007   1.5188839516313577E-006   2.1144692672003806E-005
  0.10281306667666253        2.0612648724828777E-007   1.4682458264874412E-006   1.7081886951597625E-005
  0.10303181845742962        1.9613513093214713E-007   1.4888392931114382E-006   2.3552543472082910E-005
  0.10325057023819671        2.1308009282580351E-007   1.4817670036254083E-006   2.3860818917809112E-005
  0.10346932201896381        2.2074561503702266E-007   1.4824970115606010E-006   2.1117916888968580E-005
  0.10368807379973090        2.2168196476986257E-007   1.4982041984776000E-006   2.2280860533019364E-005
  0.10390682558049799        2.0081969803196695E-007   1.5273248143436709E-006   2.7143723345335324E-005
  0.10412557736126508        2.4044498070420124E-007   1.9447277997052942E-006   3.3713372335486547E-005
  0.10434432914203218        2.7356226249778196E-007   2.3012893968108938E-006   3.7433498454753078E-005
  0.10456308092279927        2.8390898479476596E-007   2.2841213801270307E-006   3.2516478753463751E-005
  0.10478183270356636        2.7099123188953705E-007   2.2079771192635738E-006   2.7049829210423759E-005
  0.10500058448433346        2.8160656788017367E-007   2.2219737081691681E-006   2.7682835603060063E-005
  0.10521933626510055        2.8956547918440948E-007   2.2033502292757814E-006   3.3602847063329833E-005
  0.10543808804586764        3.0193719787618979E-007   2.2357703356966515E-006   3.6720840819515210E-005
  0.10565683982663474        3.2114797955803967E-007   2.3406502183658936E-006   3.8463549874356850E-005
  0.10587559160740183        3.5271476821047490E-007   2.4987962953795461E-006   3.7107171038774922E-005
  0.10609434338816892        3.6033324698461071E-007   2.4208180676010357E-006   2.8207241083766377E-005
  0.10631309516893601        3.3146996698523931E-007   2.2399704241115703E-006   2.8074763008256731E-005
  0.10653184694970311        3.0811747942282444E-007   2.1152162166095694E-006   2.9989155864718064E-005
  0.10675059873047020        4.5483605140007879E-007   4.0856440509879350E-006   6.9360586514077838E-005
  0.10696935051123729        5.1294706908310003E-007   4.6112560343246014E-006   7.6688735008989539E-005
  0.10718810229200439        5.0051505972258105E-007   4.2671951870814465E-006   6.8966425642025264E-005
  0.10740685407277148        4.7735017436634224E-007   3.8566289340963625E-006   5.6810638861426455E-005
  0.10762560585353857        4.7203150243582680E-007   3.6667515935895826E-006   5.0582800737553058E-005
  0.10784435763430567        4.1286852649589921E-007   3.0943741697657023E-006   4.7249023427897718E-005
  0.10806310941507276        3.6723550843380942E-007   2.6302231912409103E-006   3.7487719115048002E-005
  0.10828186119583985        5.5767535112660053E-007   5.1117099383481873E-006   8.1679517661359391E-005
  0.10850061297660694        5.7863875454203928E-007   4.9822155529713113E-006   8.0107883570379457E-005
  0.10871936475737404        6.7554704749292131E-007   5.8622938328572806E-006   8.4736000130813949E-005
  0.10893811653814113        8.2956481906050487E-007   7.9279425495266199E-006   1.2341713628960527E-004
  0.10915686831890822        7.2091340379336692E-007   6.6201045990416806E-006   9.5752450668284972E-005
  0.10937562009967532        6.1554400967180412E-007   5.2527424933506822E-006   6.7491663716001682E-005
  0.10959437188044241        6.1086621236497441E-007   4.7143364626023838E-006   5.4551400832436592E-005
  0.10981312366120950        5.1864258816851361E-007   3.9995229340963000E-006   4.7602516919154070E-005
  0.11003187544197660        4.9430575561149393E-007   3.6788794888956490E-006   5.3939857886486919E-005
  0.11025062722274369        5.0667879670012250E-007   3.6693358648921779E-006   4.9895345052397566E-005
  0.11046937900351078        6.9874582824134074E-007   5.4813167540605213E-006   8.1886573858769296E-005
  0.11068813078427787        7.0923278693481653E-007   5.8621889008154796E-006   8.6831774809503770E-005
  0.11090688256504497        7.9988924133165755E-007   7.0188588375602516E-006   1.0997336383422596E-004
  0.11112563434581206        9.4160692799551480E-007   8.4224942913137122E-006   1.3503941725401258E-004
  0.11134438612657915        9.1788387221503411E-007   7.8458173305100979E-006   1.1308447186952897E-004
  0.11156313790734625        7.9959956145841945E-007   6.6992832260730035E-006   9.3832513238467641E-005
  0.11178188968811334        8.6874459387808678E-007   6.3793324539280058E-006   7.5355730941084609E-005
  0.11200064146888043        7.1166507933924025E-007   5.2130439124451539E-006   5.4868844601485556E-005
  0.11221939324964753        5.9745655985013125E-007   4.3036446077553115E-006   4.6840140473625169E-005
  0.11243814503041462        5.1593939275600482E-007   3.6365221869729195E-006   3.9217673288516330E-005
  0.11265689681118171        4.7236328996895158E-007   3.3023009816368589E-006   3.4902025276783988E-005
  0.11287564859194880        3.9781418581177549E-007   2.8503577747764685E-006   3.4854742841927688E-005
  0.11309440037271590        3.3803562986600003E-007   2.5355863740434810E-006   3.4770845788179017E-005
  0.11331315215348299        4.7336295861163601E-007   3.9476666220721322E-006   6.1728102036306964E-005
  0.11353190393425008        5.0615096353951934E-007   4.2294847278998108E-006   6.7137334909039836E-005
  0.11375065571501718        5.3255587545058406E-007   4.3052085571027852E-006   6.4254834120647253E-005
  0.11396940749578427        6.9204927248836183E-007   5.9263027957419996E-006   9.9267219663246031E-005
  0.11418815927655136        6.9934154117036463E-007   5.6776368368837703E-006   8.9966863372481498E-005
  0.11440691105731846        6.2204157192171855E-007   4.8459387171456018E-006   6.8555956826199527E-005
  0.11462566283808555        5.3982806822433855E-007   4.0661028303609752E-006   6.4078382161492087E-005
  0.11484441461885264        5.1173710402250411E-007   3.6082512111122556E-006   5.7416289809930632E-005
  0.11506316639961973        4.3945191511922390E-007   3.0791298643572885E-006   4.6908644750542905E-005
  0.11528191818038683        4.1401895539368643E-007   2.7840812901777798E-006   3.4680655304653030E-005
  0.11550066996115389        5.5862962500886561E-007   4.3848612960708979E-006   7.1310171162242142E-005
  0.11571942174192085        5.1153702612597577E-007   3.9686258315230299E-006   6.7634831216856206E-005
  0.11593817352268787        4.5407861008884760E-007   3.4923959925767711E-006   5.9405742657614447E-005
  0.11615692530345496        5.6764657240605461E-007   4.4687095425924760E-006   5.5219610456513912E-005
  0.11637567708421956        5.4061016816460761E-007   4.3411093685717624E-006   5.4500373375732103E-005
  0.11659442886498649        4.5615482158483171E-007   3.6068399246074551E-006   4.6584037121211175E-005
  0.11681318064575358        4.0386310968041836E-007   3.0091436853564409E-006   4.1178766844729431E-005
  0.11703193242652067        4.0850876730997782E-007   2.9024905643033786E-006   3.8473792237980753E-005
  0.11725068420728776        3.5809038007997632E-007   2.4571455503149709E-006   2.8272348602031983E-005
  0.11746943598805486        3.3295363609578061E-007   2.1610893437689978E-006   2.5025457346616875E-005
  0.11768818776882195        4.6645852540837947E-007   3.7527582229486775E-006   5.9945669085514908E-005
  0.11790693954958904        4.6579853801733547E-007   3.8198714471547266E-006   6.3137059394313688E-005
  0.11812569133035614        4.3764784198106755E-007   3.6263793499570029E-006   5.8877019466163638E-005
  0.11834444311112323        5.8111201301170450E-007   5.3252546969073371E-006   9.3339207138498637E-005
  0.11856319489189032        5.9305834819905685E-007   5.2251360692133266E-006   8.6833336471081601E-005
  0.11878194667265742        5.3895222002061853E-007   4.5152598315902899E-006   6.9033619087166542E-005
  0.11900069845342451        4.9596553839232472E-007   3.8844611033001621E-006   5.8854476594261129E-005
  0.11921945023419160        5.0661665580543220E-007   3.7206691248500628E-006   5.8343838064911502E-005
  0.11943820201495869        4.7685507759816919E-007   3.4646638385964403E-006   5.4802601757497627E-005
  0.11965695379572579        4.4962918799160839E-007   3.2674162906760478E-006   4.7410961020677433E-005
  0.11987570557649288        6.0381069666441337E-007   4.9156689038315201E-006   7.6785991006911303E-005
  0.12009445735725997        5.6139618789386929E-007   4.4313561598250045E-006   7.3400259419820202E-005
  0.12031320913802707        5.1087518303242350E-007   3.9077889345590781E-006   6.5129337504021834E-005
  0.12053196091879416        4.3308226109526824E-007   3.3190867357961864E-006   5.1253102094639402E-005
  0.12075071269956125        4.2825982579342698E-007   2.9370001581307793E-006   4.2255088691711684E-005
  0.12096946448032835        4.0789708979735094E-007   2.6684672832077733E-006   3.8457190637553040E-005
  0.12118821626109544        3.9979873425109030E-007   2.5880735369270737E-006   3.2549593562691825E-005
  0.12140696804186253        3.7722495224793221E-007   2.3768535798640104E-006   3.2237431370818470E-005
  0.12162571982262962        3.3148252836843679E-007   2.1685428683615579E-006   3.1097634628385329E-005
  0.12184447160339526        3.0707857463056763E-007   2.0414092230400373E-006   3.4328914759740314E-005
  0.12206322338416155        3.0637972848264127E-007   2.0094928578575554E-006   3.2342374751026526E-005
  0.12228197516492864        2.9082154887953573E-007   1.9122606336575056E-006   2.6152609482910094E-005
  0.12250072694568902        2.9561484683115340E-007   1.8687563369576961E-006   2.1678967729865661E-005
  0.12271947872643112        4.3674289757327302E-007   3.3724036942623847E-006   4.7137993216428420E-005
  0.12293823050715326        4.7954319643416994E-007   3.8290598062768735E-006   5.3457338476503580E-005
  0.12315698228791502        4.6469379623423348E-007   3.5328439349747615E-006   4.5608943737951435E-005
  0.12337573406868212        4.2670548861800660E-007   3.1496708060923769E-006   3.8774792901152821E-005
  0.12359448584944921        4.3534190393178241E-007   3.0125325645537998E-006   3.4558062997458450E-005
  0.12381323763021630        3.7870088604452514E-007   2.5125775723414020E-006   3.3049827489972650E-005
  0.12403198941098340        3.3168471912540379E-007   2.1744050490413181E-006   2.7669581570965995E-005
  0.12425074119175049        3.5412332223331774E-007   2.2989595800407989E-006   2.7814719426033641E-005
  0.12446949297251758        3.2849308145638591E-007   2.0884514053021407E-006   2.5353889105517169E-005
  0.12468824475328467        3.0345382796476141E-007   1.9201108976599620E-006   2.3116919084076315E-005
  0.12490699653405177        4.5788004873172776E-007   3.5699071220888179E-006   5.9937224540118628E-005
  0.12512574831481724        4.4327450883526604E-007   3.3005821851566853E-006   5.4258268396667475E-005
  0.12534450009558121        4.3754621437822051E-007   3.1163996735812665E-006   4.7254997228685092E-005
  0.12556325187634315        4.3184615927013144E-007   2.8921047048250765E-006   3.8359103500695824E-005
  0.12578200365709818        4.6027570861579754E-007   2.9746870367368539E-006   3.5988591130742265E-005
  0.12600075543786271        4.3748453775884281E-007   2.8927909643907459E-006   3.7813329927693928E-005
  0.12621950721862932        4.2976592117258475E-007   2.8604542325191405E-006   3.6550105945054590E-005
  0.12643825899939631        5.9637186643870031E-007   4.9140964238499810E-006   7.7998577197480046E-005
  0.12665701078016339        6.0049038395771153E-007   4.7779107376366451E-006   7.6694991279824265E-005
  0.12687576256093047        7.0227008931506370E-007   5.4357304897278387E-006   7.5261107608803890E-005
  0.12709451434169755        8.1145756509393849E-007   6.5391572521569386E-006   9.1143740879928714E-005
  0.12731326612246463        7.1741812688127722E-007   5.5587215363756837E-006   6.9493184881697090E-005
  0.12753201790323171        6.3728667668567007E-007   4.7014765210175832E-006   5.9333085017154730E-005
  0.12775076968399879        5.4769400209037091E-007   3.8261151176527560E-006   5.5063978736225039E-005
  0.12796952146476587        4.4875163175693911E-007   3.0776777262841059E-006   4.6606365330159605E-005
  0.12818827324553295        3.7863129304312184E-007   2.5781256378511725E-006   3.5440689918897483E-005
  0.12840702502630003        3.9588051971254508E-007   2.3542547309200289E-006   2.7666534529013909E-005
  0.12862577680706710        4.2777679691033411E-007   2.5383822185215036E-006   2.7628760178144418E-005
  0.12884452858783418        3.9482326727367442E-007   2.3379353520946377E-006   2.4121899588225304E-005
  0.12906328036860126        3.8044235620772817E-007   2.1226441739476044E-006   2.0047035850123684E-005
  0.12928203214936834        4.7856802386248357E-007   3.1405694343899595E-006   4.7571454357075993E-005
  0.12950078393013542        4.1309460245578591E-007   2.7384289421315485E-006   4.0438611115356515E-005
  0.12971953571090250        3.7318431080528293E-007   2.3749812224431896E-006   3.3845326086856531E-005
  0.12993828749166958        3.2010312947244881E-007   1.9975641882329987E-006   2.6802434218931026E-005
  0.13015703927243666        2.6874638193695801E-007   1.6611601077910874E-006   1.9526957644733223E-005
  0.13037579105320374        2.5618895440723823E-007   1.4804316829957497E-006   2.0603598552382252E-005
  0.13059454283397082        2.4182398640790538E-007   1.3998106684826560E-006   1.9647180151904919E-005
  0.13081329461473790        2.7664053875550015E-007   1.5460680272087031E-006   1.6272190052624147E-005
  0.13103204639550498        2.7938359906777564E-007   1.5400153606945165E-006   1.6367050278520701E-005
  0.13125079817627205        2.7918797602165606E-007   1.5718985162037094E-006   1.8583228156954235E-005
  0.13146954995703913        2.7357718628068936E-007   1.6030691882905816E-006   2.1047712891464343E-005
  0.13168830173780621        2.8095238631886678E-007   1.5348521238334580E-006   1.9466837943737936E-005
  0.13190705351857329        2.7854187821213515E-007   1.5030730188627996E-006   1.5779539126681286E-005
  0.13212580529934037        4.2232835627980734E-007   3.5314461691096589E-006   5.4444413627341426E-005
  0.13234455708010745        4.4951457923797856E-007   3.9223400259110859E-006   6.3814755518643018E-005
  0.13256330886087453        4.3912215493125196E-007   3.6920658593375258E-006   6.2941454218812254E-005
  0.13278206064164161        4.4289759663027758E-007   3.4212168851869691E-006   5.8020832797933686E-005
  0.13300081242240869        4.3363743081442642E-007   3.2497535809643321E-006   5.2203646862314379E-005
  0.13321956420317577        3.7908550011719540E-007   2.9344077365898258E-006   4.1271496805550534E-005
  0.13343831598394285        3.6828594791378511E-007   2.6637236641752840E-006   4.0958740764041046E-005
  0.13365706776470992        4.6871708681711992E-007   3.2579541134347789E-006   3.8083768099217430E-005
  0.13387581954547700        4.4661047775054751E-007   3.1574458255919347E-006   4.0873599132185134E-005
  0.13409457132624408        4.1999960811759174E-007   2.9973206411759121E-006   4.6658861481807534E-005
  0.13431332310701116        3.8052547280905196E-007   2.7730159687868698E-006   4.8178496519613034E-005
  0.13453207488777824        3.4393621373287469E-007   2.4991657168737152E-006   4.4795980592482465E-005
  0.13475082666854532        3.4632418576230338E-007   2.3127360024725146E-006   3.6300900892904941E-005
  0.13496957844931240        3.3207843480150337E-007   2.1655313994713289E-006   2.9461190430568607E-005
  0.13518833023007948        3.1050706684713352E-007   2.1773587849385567E-006   3.2666277913429020E-005
  0.13540708201084656        3.0340509468984934E-007   2.1788012054760175E-006   3.2634577034285073E-005
  0.13562583379161364        3.2058914521007620E-007   2.1413335994904445E-006   2.9078475126120829E-005
  0.13584458557238072        3.1485689880188241E-007   1.9951220055851607E-006   2.4593985048171341E-005
  0.13606333735314780        2.7586717405328823E-007   1.8642495579807296E-006   2.6169002554365939E-005
  0.13628208913391487        2.5930139117246244E-007   1.7385421096941191E-006   2.3001429187985423E-005
  0.13650084091468195        2.6702920480332557E-007   1.6268463529631767E-006   1.8720194361887543E-005
  0.13671959269544903        2.5733514820111201E-007   1.5817177985611115E-006   2.1872997163607799E-005
  0.13693834447621611        2.4401893460146775E-007   1.5549520364961826E-006   2.2954402482122660E-005
  0.13715709625698319        2.5069821208809769E-007   1.5341259325711250E-006   1.9939441880612030E-005
  0.13737584803775027        2.5125728293947868E-007   1.5050824547920974E-006   1.6678004549963710E-005
  0.13759459981851735        2.3545022486949618E-007   1.4730893897130582E-006   1.9628480011024685E-005
  0.13781335159928443        2.2961247122523995E-007   1.4501936591195211E-006   1.9970643173494729E-005
  0.13803210338005151        2.4175963216719473E-007   1.4095775665988042E-006   1.6832684397005693E-005
  0.13825085516081859        2.4096400177893443E-007   1.3605136040801737E-006   1.6189669719723909E-005
  0.13846960694158567        3.0831570986198514E-007   1.9979300349636451E-006   2.8716627012426166E-005
  0.13868835872235274        2.9825378845213522E-007   2.0802026479074052E-006   3.1228729839405389E-005
  0.13890711050311982        2.8882173562340408E-007   1.9437614617107494E-006   2.7264417893357873E-005
  0.13912586228388690        2.9160610006509145E-007   1.8903793147790207E-006   3.0150974577036749E-005
  0.13934461406465398        4.1922335805272269E-007   3.1930749062441977E-006   4.1995501342206865E-005
  0.13956336584542106        4.4890620829357921E-007   3.5102259616533562E-006   5.1900495029122418E-005
  0.13978211762618814        4.1213821476938222E-007   3.3155576328536700E-006   4.9641809169886919E-005
  0.14000086940695522        4.0302499853955844E-007   3.0290092268049790E-006   4.1417667265952751E-005
  0.14021962118772230        3.8609705416776245E-007   2.7531763261160944E-006   4.0493894681192799E-005
  0.14043837296848938        3.2827481983341634E-007   2.3785485795533369E-006   3.4966096633115562E-005
  0.14065712474925646        2.8923236482239488E-007   2.0927355670365070E-006   3.5719937591216500E-005
  0.14087587653002354        2.7916562910535597E-007   1.8873236241770223E-006   3.4146403898871469E-005
  0.14109462831079062        3.0745462905298543E-007   1.9269312093600853E-006   2.7902912194677221E-005
  0.14131338009155769        2.9361601156893677E-007   1.7800156549667847E-006   2.1082985844911306E-005
  0.14153213187232477        3.8123987571835394E-007   2.7131016339712129E-006   3.5919563849740044E-005
  0.14175088365309185        3.5274936162335917E-007   2.3727690858307589E-006   3.2040060158888828E-005
  0.14196963543385893        3.6393200279450157E-007   2.1579364105340490E-006   2.8161925958225531E-005
  0.14218838721458127        3.4518249913675568E-007   1.9696124806585505E-006   2.1751232496036721E-005
  0.14240713899534835        4.3886582200198391E-007   3.2079716886303588E-006   4.7205625709922927E-005
  0.14262589077611543        4.2600360671581074E-007   3.3758428461076703E-006   4.9151186452101037E-005
  0.14284464255688251        5.4124772316373888E-007   4.2934499840541147E-006   6.6592530354792068E-005
  0.14306339433764959        7.1759521709639789E-007   6.0033238479116298E-006   9.6101150236171939E-005
  0.14328214611841666        6.6519337558525530E-007   5.2488491024082386E-006   7.5971321086498733E-005
  0.14350089789918374        5.8866429153431318E-007   4.5233700322979704E-006   5.4802831308764510E-005
  0.14371964967995082        6.1181024116424223E-007   4.2308441438534102E-006   4.5234325775966866E-005
  0.14393840146071790        5.4860176249645063E-007   3.6765680735974998E-006   4.3630259893290280E-005
  0.14415715324148498        4.8599961296450292E-007   3.2794891961007295E-006   4.2741729828543740E-005
  0.14437590502225206        4.4091342166480489E-007   2.9538091510637801E-006   3.8291286081681974E-005
  0.14459465680301914        4.3475709946138792E-007   2.6970409068859949E-006   2.7052082642198272E-005
  0.14481340858378622        4.2902628855409285E-007   2.4884753142436842E-006   2.6969843498036994E-005
  0.14503216036455330        3.7509836894430645E-007   2.2924111645413571E-006   2.6490633971198996E-005
  0.14525091214532038        4.5329068348048949E-007   2.7817095951995243E-006   3.3956554358227642E-005
  0.14546966392608746        4.0383115226631100E-007   2.4267309348131641E-006   2.6395617780172742E-005
  0.14568841570685453        3.6676837262349451E-007   2.0968738016864621E-006   2.2694419678503941E-005
  0.14590716748762161        3.2125535708718219E-007   1.7773031096210478E-006   2.2033316525948976E-005
  0.14612591926838869        2.6542511957730610E-007   1.4693591620525374E-006   1.9020384489198960E-005
  0.14634467104915577        2.5047474447142947E-007   1.3163653757185809E-006   1.4526035493567235E-005
  0.14656342282992285        2.4598128594117975E-007   1.3307957814978676E-006   1.6112152234293298E-005
  0.14678217461068993        2.3786110845585088E-007   1.3488581858590620E-006   1.8129829486457361E-005
  0.14700092639145701        2.4886521683083888E-007   1.3734936192591958E-006   1.7479487316340858E-005
  0.14721967817222409        2.7213577175123560E-007   1.4248464951816107E-006   1.9315046919099466E-005
  0.14743842995299117        3.8293588149135307E-007   2.7326110490107853E-006   3.8235302014300032E-005
  0.14765718173375825        3.6047502909696344E-007   2.5594805707164851E-006   3.8559248871417040E-005
  0.14787593351452533        3.3977068928005629E-007   2.3394125126291960E-006   3.7271292739227135E-005
  0.14809468529529241        4.5926775745946945E-007   3.4183247039233416E-006   5.2002731002032121E-005
  0.14831343707605948        4.6121592961482702E-007   3.3532713133595140E-006   4.7927821427706796E-005
  0.14853218885682656        4.0872023409874866E-007   2.8519402040849594E-006   3.7256306416710849E-005
  0.14875094063759364        3.7347387547164922E-007   2.4144317975974015E-006   3.2263289377887361E-005
  0.14896969241836072        3.5974851613991904E-007   2.1801169878324716E-006   2.7890880036518517E-005
  0.14918844419912780        3.1702108065006366E-007   1.8467955797346408E-006   2.3743774125173367E-005
  0.14940719597989488        2.7071089646142632E-007   1.5403813196316022E-006   2.3331572460483230E-005
  0.14962594776066196        3.4583574228108650E-007   2.3704717840895447E-006   3.1739080689874299E-005
  0.14984469954142904        3.2140213712388707E-007   2.1273842160651132E-006   3.0622594567875083E-005
  0.14999999999999999        3.1226096101682336E-007   1.9602579489803416E-006   2.9173686198258331E-005
