 VARIABLES = x,d,p,u,a
   0.0000000000000000       0.99999999999997469       0.39999999999997204       -2.0000000000000355       0.74833147735477157     
   2.0040080160320640E-003  0.99999999999997213       0.39999999999996799       -2.0000000000000409       0.74833147735476879     
   4.0080160320641279E-003  0.99999999999997402       0.39999999999996838       -2.0000000000000413       0.74833147735476835     
   6.0120240480961915E-003  0.99999999999997413       0.39999999999996827       -2.0000000000000417       0.74833147735476824     
   8.0160320641282558E-003  0.99999999999997058       0.39999999999996788       -2.0000000000000422       0.74833147735476913     
   1.0020040080160320E-002  0.99999999999996936       0.39999999999996760       -2.0000000000000426       0.74833147735476946     
   1.2024048096192383E-002  0.99999999999996936       0.39999999999996760       -2.0000000000000426       0.74833147735476946     
   1.4028056112224447E-002  0.99999999999996902       0.39999999999996744       -2.0000000000000431       0.74833147735476935     
   1.6032064128256512E-002  0.99999999999996747       0.39999999999996844       -2.0000000000000426       0.74833147735477090     
   1.8036072144288574E-002  0.99999999999996736       0.39999999999996910       -2.0000000000000413       0.74833147735477157     
   2.0040080160320640E-002  0.99999999999996669       0.39999999999996827       -2.0000000000000413       0.74833147735477101     
   2.2044088176352703E-002  0.99999999999996858       0.39999999999996977       -2.0000000000000395       0.74833147735477168     
   2.4048096192384766E-002  0.99999999999997014       0.39999999999996949       -2.0000000000000400       0.74833147735477090     
   2.6052104208416832E-002  0.99999999999996736       0.39999999999996855       -2.0000000000000404       0.74833147735477112     
   2.8056112224448895E-002  0.99999999999996414       0.39999999999996672       -2.0000000000000404       0.74833147735477046     
   3.0060120240480961E-002  0.99999999999996292       0.39999999999996627       -2.0000000000000417       0.74833147735477057     
   3.2064128256513023E-002  0.99999999999996381       0.39999999999996749       -2.0000000000000417       0.74833147735477135     
   3.4068136272545090E-002  0.99999999999996514       0.39999999999996749       -2.0000000000000426       0.74833147735477090     
   3.6072144288577149E-002  0.99999999999996692       0.39999999999996660       -2.0000000000000444       0.74833147735476935     
   3.8076152304609215E-002  0.99999999999996902       0.39999999999996672       -2.0000000000000435       0.74833147735476868     
   4.0080160320641281E-002  0.99999999999997280       0.39999999999996805       -2.0000000000000413       0.74833147735476846     
   4.2084168336673340E-002  0.99999999999997424       0.39999999999996794       -2.0000000000000413       0.74833147735476790     
   4.4088176352705406E-002  0.99999999999997391       0.39999999999996760       -2.0000000000000422       0.74833147735476779     
   4.6092184368737472E-002  0.99999999999997413       0.39999999999996860       -2.0000000000000417       0.74833147735476846     
   4.8096192384769532E-002  0.99999999999997558       0.39999999999996955       -2.0000000000000409       0.74833147735476890     
   5.0100200400801598E-002  0.99999999999997990       0.39999999999997199       -2.0000000000000391       0.74833147735476957     
   5.2104208416833664E-002  0.99999999999998190       0.39999999999997365       -2.0000000000000377       0.74833147735477035     
   5.4108216432865730E-002  0.99999999999998423       0.39999999999997604       -2.0000000000000360       0.74833147735477179     
   5.6112224448897789E-002  0.99999999999997591       0.39999999999997005       -2.0000000000000311       0.74833147735476924     
   5.8116232464929855E-002  0.99999999999993183       0.39999999999994473       -2.0000000000000036       0.74833147735476202     
   6.0120240480961921E-002  0.99999999999959199       0.39999999999975572       -1.9999999999997506       0.74833147735471239     
   6.2124248496993981E-002  0.99999999999637157       0.39999999999795222       -1.9999999999973421       0.74833147735423033     
   6.4128256513026047E-002  0.99999999998934608       0.39999999999401814       -1.9999999999920857       0.74833147735317906     
   6.6132264529058113E-002  0.99999999978991827       0.39999999988236035       -1.9999999998428768       0.74833147732335181     
   6.8136272545090179E-002  0.99999999877364376       0.39999999931339841       -1.9999999990825925       0.74833147717139181     
   7.0140280561122245E-002  0.99999999104711157       0.39999999498829519       -1.9999999933031769       0.74833147601663175     
   7.2144288577154297E-002  0.99999988359351533       0.39999993483426777       -1.9999999129217734       0.74833145995314354     
   7.4148296593186364E-002  0.99999954083530307       0.39999974310371644       -1.9999996567425598       0.74833140885398242     
   7.6152304609218430E-002  0.99999557098512515       0.39999752198371741       -1.9999966889937699       0.74833081656521006     
   7.8156312625250496E-002  0.99997719644368510       0.39998724890536674       -1.9999829647698022       0.74832808202229706     
   8.0160320641282562E-002  0.99985482560681549       0.39991884993466931       -1.9998915953539425       0.74830988425725187     
   8.2164328657314628E-002  0.99878409274623048       0.39932020672864854       -1.9990913210184238       0.74815029760778884     
   8.4168336673346680E-002  0.99505032122608394       0.39723358412294069       -1.9962931427466002       0.74759170699978139     
   8.6172344689378746E-002  0.98822847625351162       0.39342618227454346       -1.9911534235496036       0.74656386427997057     
   8.8176352705410813E-002  0.97872558917713415       0.38814098709407918       -1.9839473333221551       0.74512356628643539     
   9.0180360721442879E-002  0.96753258218101967       0.38193594955767657       -1.9753806804053395       0.74340672820284570     
   9.2184368737474945E-002  0.95542874764155250       0.37526329822561350       -1.9660329283902593       0.74153714618083644     
   9.4188376753507011E-002  0.94292522894331787       0.36840923679675719       -1.9562821577832186       0.73958934373394114     
   9.6192384769539063E-002  0.93021870422225394       0.36147520910885139       -1.9462580730594350       0.73758273563105947     
   9.8196392785571129E-002  0.91742848872987348       0.35453756805739650       -1.9360623937734225       0.73554464406511155     
  0.10020040080160320       0.90460562962111957       0.34761946774173502       -1.9257236291428641       0.73347686469405615     
  0.10220440881763526       0.89179664645535961       0.34074788297826275       -1.9152782937840958       0.73138775248719878     
  0.10420841683366733       0.87903454752824273       0.33393976432667610       -1.9047499758348021       0.72928136110229025     
  0.10621242484969939       0.86634386778657890       0.32721074137326228       -1.8941615428153042       0.72716445369366745     
  0.10821643286573146       0.85373962229498745       0.32056526453287648       -1.8835197511798205       0.72503593139045786     
  0.11022044088176351       0.84123152113215527       0.31400921720610026       -1.8728342490605900       0.72289870581390336     
  0.11222444889779558       0.82882864596869843       0.30754698225797605       -1.8621127885098827       0.72075452303068321     
  0.11422845691382764       0.81653573296973281       0.30118005733991371       -1.8513590059150888       0.71860382771516740     
  0.11623246492985971       0.80435609102351946       0.29490892262705359       -1.8405747784258510       0.71644655161357984     
  0.11823647294589178       0.79229700915437817       0.28873759574782087       -1.8297685334994260       0.71428524259089565     
  0.12024048096192384       0.78035642212195322       0.28266412605911251       -1.8189385193955265       0.71211947084006710     
  0.12224448897795590       0.76853859841644423       0.27668957963053931       -1.8080885416312789       0.70994969607282865     
  0.12424849699398796       0.75684348039899607       0.27081295242511572       -1.7972187698481525       0.70777577944070424     
  0.12625250501002003       0.74527328815772498       0.26503443161807549       -1.7863315027233853       0.70559807813331299     
  0.12825651302605209       0.73382958173934032       0.25935425776203325       -1.7754293217124564       0.70341739108661272     
  0.13026052104208416       0.72251180010775740       0.25377182680164140       -1.7645134434476750       0.70123445778589499     
  0.13226452905811623       0.71132152616431821       0.24828717074634865       -1.7535864750247598       0.69904990637140119     
  0.13426853707414829       0.70025932955162051       0.24289903105876917       -1.7426484785955880       0.69686308180090639     
  0.13627254509018036       0.68932560551968025       0.23760600978651314       -1.7316991054224229       0.69467316555454328     
  0.13827655310621242       0.67851998523427348       0.23240714638385210       -1.7207390165068548       0.69248031924353326     
  0.14028056112224449       0.66784040157184477       0.22730134087145640       -1.7097686821987141       0.69028537544051605     
  0.14228456913827653       0.65728556587135145       0.22228786964237837       -1.6987893491369443       0.68808937541822768     
  0.14428857715430859       0.64685536641206709       0.21736591952138576       -1.6878019542428444       0.68589265387522580     
  0.14629258517034066       0.63655097197274768       0.21253461633093054       -1.6768073534586179       0.68369477784394017     
  0.14829659318637273       0.62637324725515331       0.20779281413994072       -1.6658059953212587       0.68149500962698639     
  0.15030060120240479       0.61632182250604317       0.20313933228801345       -1.6547983801943018       0.67929318173005160     
  0.15230460921843686       0.60639497113301788       0.19857293663011982       -1.6437847714934239       0.67708976905421969     
  0.15430861723446893       0.59659109956808354       0.19409256760339078       -1.6327656757442264       0.67488548156101291     
  0.15631262525050099       0.58690936012852435       0.18969722465491801       -1.6217417199568596       0.67268073257318595     
  0.15831663326653306       0.57734951130998824       0.18538586453131387       -1.6107135256600797       0.67047551858672627     
  0.16032064128256512       0.56791130840193549       0.18115731322108811       -1.5996814464470175       0.66826958429014383     
  0.16232464929859719       0.55859408501681829       0.17701032046038551       -1.5886456209285615       0.66606274933063359     
  0.16432865731462926       0.54939672600829648       0.17294361561480462       -1.5776061014568152       0.66385503185057171     
  0.16633266533066132       0.54031801110320354       0.16895593697156991       -1.5665629424826035       0.66164650696915595     
  0.16833667334669336       0.53135686367598567       0.16504602741148533       -1.5555161385598353       0.65943714740729542     
  0.17034068136272543       0.52251225505714050       0.16121263664832208       -1.5444655740964177       0.65722688073925628     
  0.17234468937875749       0.51378292353783839       0.15745449481305199       -1.5334109845315798       0.65501571020310345     
  0.17434869739478956       0.50516733569473227       0.15377031347869727       -1.5223520717342116       0.65280374487367598     
  0.17635270541082163       0.49666387551495045       0.15015880321206956       -1.5112886014697635       0.65059111877910913     
  0.17835671342685369       0.48827116246704177       0.14661873067060899       -1.5002204810385211       0.64837790647816140     
  0.18036072144288576       0.47998828187049991       0.14314895908982914       -1.4891477511626667       0.64616405839387669     
  0.18236472945891782       0.47181475965115377       0.13974844159372754       -1.4780705557380449       0.64394940058173289     
  0.18436873747494989       0.46375025478606324       0.13641616571419588       -1.4669890981466744       0.64173371487324715     
  0.18637274549098196       0.45579422722232005       0.13315110818016279       -1.4559036316074421       0.63951686255567730     
  0.18837675350701402       0.44794578508600841       0.12995221669202145       -1.4448144039588480       0.63729885262710062     
  0.19038076152304609       0.44020374843933913       0.12681842201259752       -1.4337215911829662       0.63507983337487151     
  0.19238476953907813       0.43256679020444072       0.12374865030769663       -1.4226252540051736       0.63286002829204713     
  0.19438877755511019       0.42503357247585766       0.12074182561172395       -1.4115253610275174       0.63063964515808735     
  0.19639278557114226       0.41760286623753573       0.11779687238084925       -1.4004218506861301       0.62841879016346025     
  0.19839679358717432       0.41027364290365920       0.11491273578246687       -1.3893146954713185       0.62619744481000750     
  0.20040080160320639       0.40304507466943357       0.11208840755892284       -1.3782039309037577       0.62397552952854318     
  0.20240480961923846       0.39591641722429399       0.10932293003747141       -1.3670896526440754       0.62175300646378473     
  0.20440881763527052       0.38888685694358627       0.10661537235201125       -1.3559720151356087       0.61952993948131341     
  0.20641282565130259       0.38195545011643173       0.10396480127764478       -1.3448512362441265       0.61730646603935535     
  0.20841683366733466       0.37512119623332074       0.10137026831866254       -1.3337275619495976       0.61508270201970450     
  0.21042084168336672       0.36838316644494651        9.8830818287179614E-002  -1.3226011920992782       0.61285865701528597     
  0.21242484969939879       0.36174055369542379        9.6345504672246854E-002  -1.3114722249902480       0.61063423093689473     
  0.21442885771543085       0.35519259656428814        9.3913395668407090E-002  -1.3003406719172717       0.60840929059301629     
  0.21643286573146292       0.34873846590633667        9.1533568136508828E-002  -1.2892065193006552       0.60618374657202712     
  0.21843687374749496       0.34237724105268263        8.9205100531398310E-002  -1.2780697750846011       0.60395755368284665     
  0.22044088176352702       0.33610799243742490        8.6927074699291701E-002  -1.2669304667401011       0.60173064567691315     
  0.22244488977955909       0.32992986274443997        8.4698584708857216E-002  -1.2557886142008987       0.59950289048929817     
  0.22444889779559116       0.32384204494745084        8.2518743958803792E-002  -1.2446442193764966       0.59727413174227140     
  0.22645290581162322       0.31784367319875517        8.0386685908307609E-002  -1.2334972852834749       0.59504429333466524     
  0.22845691382765529       0.31193372889775078        7.8301561333122494E-002  -1.2223478455341692       0.59281346618243147     
  0.23046092184368736       0.30611103653890331        7.6262536486112073E-002  -1.2111959814519209       0.59058191912641822     
  0.23246492985971942       0.30037434018401926        7.4268792828404831E-002  -1.2000418233343864       0.58835003738262326     
  0.23446893787575149       0.29472240781186593        7.2319526392555511E-002  -1.1888855436557075       0.58611822566233107     
  0.23647294589178355       0.28915412632500603        7.0413946023601126E-002  -1.1777273426189929       0.58388680676543969     
  0.23847695390781562       0.28366857355263481        6.8551271734761124E-002  -1.1665674197599143       0.58165593450800368     
  0.24048096192384769       0.27826504933518376        6.6730734078179019E-002  -1.1554059374709067       0.57942554547997116     
  0.24248496993987975       0.27294303534363096        6.4951573249234951E-002  -1.1442429995505417       0.57719538080498645     
  0.24448897795591179       0.26770207242589983        6.3213036028776828E-002  -1.1330786639969974       0.57496508908872535     
  0.24649298597194386       0.26254159853073117        6.1514371183817647E-002  -1.1219129812153104       0.57273437477645561     
  0.24849699398797592       0.25746083533248659        5.9854826931163008E-002  -1.1107460237245865       0.57050311564369238     
  0.25050100200400799       0.25245879722318143        5.8233653603817735E-002  -1.0995778792653947       0.56827137832803321     
  0.25250501002004005       0.24753441869496631        5.6650110484288606E-002  -1.0884086142951888       0.56603932086883191     
  0.25450901803607212       0.24268670988671387        5.5103471743462980E-002  -1.0772382456359884       0.56380704969863282     
  0.25651302605210419       0.23791482686039289        5.3593026850540758E-002  -1.0660667532581678       0.56157453578500760     
  0.25851703406813625       0.23321800860506492        5.2118075858096191E-002  -1.0548941298545971       0.55934165531020330     
  0.26052104208416832       0.22859543799643942        5.0677924915559204E-002  -1.0437204265518416       0.55710832743066541     
  0.26252505010020039       0.22404614437499001        4.9271887343599184E-002  -1.0325457525545274       0.55487464430506350     
  0.26452905811623245       0.21956903281465795        4.7899290516514724E-002  -1.0213702238370754       0.55264088805100087     
  0.26653306613226452       0.21516302710998869        4.6559483251333807E-002  -1.0101939014316625       0.55040740836164681     
  0.26853707414829658       0.21082722772598994        4.5251837360206854E-002 -0.99901677472652628       0.54817443493371332     
  0.27054108216432865       0.20656097511288127        4.3975741377921540E-002 -0.98783881557271680       0.54594194822833553     
  0.27254509018036072       0.20236377431333541        4.2730590607591802E-002 -0.97666007726868265       0.54370969886855947     
  0.27454909819639278       0.19823512621190936        4.1515780674667609E-002 -0.96548077809699928       0.54147737703413801     
  0.27655310621242485       0.19417436455273926        4.0330709459592946E-002 -0.95430131692280229       0.53924484543837803     
  0.27855711422845691       0.19018059104497362        3.9174786368524395E-002 -0.94312221161998766       0.53701230834466518     
  0.28056112224448898       0.18625274683667870        3.8047442706715374E-002 -0.93194399954574125       0.53478031227598810     
  0.28256513026052099       0.18238978472102793        3.6948136018402786E-002 -0.92076716109381329       0.53254955894881795     
  0.28456913827655306       0.17859084226517027        3.5876345059182378E-002 -0.90959210888424369       0.53032062922990109     
  0.28657314629258512       0.17485530687826287        3.4831557804481009E-002 -0.89841923883285713       0.52809378704423193     
  0.28857715430861719       0.17118275775071126        3.3813258706046408E-002 -0.88724899622806286       0.52586894226582115     
  0.29058116232464926       0.16757291779863825        3.2820921129939798E-002 -0.87608189960249738       0.52364563142989529     
  0.29258517034068132       0.16402571608394567        3.1854007354546875E-002 -0.86491849368041118       0.52142288067531828     
  0.29458917835671339       0.16054121423440598        3.0911973854781255E-002 -0.85375924818767079       0.51919931982951950     
  0.29659318637274545       0.15711907814918633        2.9994277316677014E-002 -0.84260444986467742       0.51697406677018343     
  0.29859719438877752       0.15375812677619288        2.9100379760622064E-002 -0.83145414309316268       0.51474757159140427     
  0.30060120240480959       0.15045680940789341        2.8229751632799369E-002 -0.82030815476330721       0.51252095001251563     
  0.30260521042084165       0.14721398521115447        2.7381868416645253E-002 -0.80916613818589656       0.51029465876041924     
  0.30460921843687372       0.14402892843980200        2.6556201216126108E-002 -0.79802766183338281       0.50806833465033507     
  0.30661322645290578       0.14090045092683232        2.5752214261071001E-002 -0.78689227795137084       0.50584226667078935     
  0.30861723446893785       0.13782699109459054        2.4969374110751105E-002 -0.77575950703713870       0.50361737894688763     
  0.31062124248496992       0.13480731529133327        2.4207154499263143E-002 -0.76462879466186029       0.50139403044899056     
  0.31262525050100198       0.13184048563006898        2.3465039241742071E-002 -0.75349944741040353       0.49917205367861756     
  0.31462925851703405       0.12892556517059464        2.2742526824662986E-002 -0.74237061110273861       0.49695132594444380     
  0.31663326653306612       0.12606153007094134        2.2039131162470072E-002 -0.73124125516513039       0.49473195841321016     
  0.31863727454909818       0.12324737823214231        2.1354382045502589E-002 -0.72011023296125898       0.49251411014535756     
  0.32064128256513025       0.12048218955719857        2.0687822313307094E-002 -0.70897635499191458       0.49029784094038659     
  0.32264529058116231       0.11776510347809321        2.0039005467658379E-002 -0.69783847817596012       0.48808312287279648     
  0.32464929859719438       0.11509532313633858        1.9407495970283496E-002 -0.68669561406264790       0.48586982935684186     
  0.32665330661322645       0.11247215010309750        1.8792870133392609E-002 -0.67554699729114165       0.48365766558655404     
  0.32865731462925851       0.10989499826236221        1.8194719295124485E-002 -0.66439212409512116       0.48144616813482133     
  0.33066132264529058       0.10736337087757709        1.7612654181102264E-002 -0.65323074518272561       0.47923480594826012     
  0.33266533066132264       0.10487683055472102        1.7046308042761825E-002 -0.64206280897234635       0.47702309612174826     
  0.33466933867735466       0.10243497406287931        1.6495337974696503E-002 -0.63088839904688732       0.47481069860696712     
  0.33667334669338672       0.10003740240710331        1.5959423504348723E-002 -0.61970768690529399       0.47259749405416562     
  0.33867735470941879        9.7683689646508060E-002   1.5438262299919738E-002 -0.60852090884108034       0.47038362859022181     
  0.34068136272545085        9.5373360962324447E-002   1.4931564326833712E-002 -0.59732838409124145       0.46816951267153817     
  0.34268537074148292        9.3105878286670676E-002   1.4439045404936296E-002 -0.58613055925409618       0.46595578525452674     
  0.34468937875751499        9.0880631423395281E-002   1.3960421440224529E-002 -0.57492804840264089       0.46374326406143401     
  0.34669338677354705        8.8696938445160939E-002   1.3495404780230610E-002 -0.56372164199838093       0.46153289566199257     
  0.34869739478957912        8.6554056897912332E-002   1.3043703274015861E-002 -0.55251226346949533       0.45932571406189954     
  0.35070140280561118        8.4451204308841302E-002   1.2605021831915714E-002 -0.54130087310887687       0.45712281278169209     
  0.35270541082164325        8.2387585992856380E-002   1.2179065778381588E-002 -0.53008834718584863       0.45492532802501201     
  0.35470941883767532        8.0362425928126452E-002   1.1765544843962198E-002 -0.51887537578706855       0.45273442679948400     
  0.35671342685370738        7.8374995180382934E-002   1.1364176761156313E-002 -0.50766242606468071       0.45055129716226289     
  0.35871743486973945        7.6424633954160048E-002   1.0974690038057639E-002 -0.49644980620922791       0.44837714340356821     
  0.36072144288577151        7.4510765826349454E-002   1.0596826094905228E-002 -0.48523783865250009       0.44621319414603478     
  0.36272545090180358        7.2632905461273378E-002   1.0230341399437867E-002 -0.47402712251431056       0.44406073427182596     
  0.36472945891783565        7.0790663359504208E-002   9.8750103131642654E-003 -0.46281884595751599       0.44192116904590101     
  0.36673346693386771        6.8983751837584137E-002   9.5306289978676940E-003 -0.45161510404970584       0.43979612086115516     
  0.36873747494989978        6.7211995792259366E-002   9.1970202017273607E-003 -0.44041918963666699       0.43768754898088347     
  0.37074148296593185        6.5475350677687311E-002   8.8740383486103427E-003 -0.42923584899432282       0.43559787440587738     
  0.37274549098196391        6.3773929238765931E-002   8.5615743202967238E-003 -0.41807152260867736       0.43353008964925205     
  0.37474949899799598        6.2108038724508444E-002   8.2595597739923508E-003 -0.40693461922003699       0.43148783940164087     
  0.37675350701402804        6.0478231966888230E-002   7.9679717120687086E-003 -0.39583589700198807       0.42947547275603809     
  0.37875751503006011        5.8885378815866002E-002   7.6868391124213517E-003 -0.38478905200682406       0.42749808816722784     
  0.38076152304609218        5.7330768600372874E-002   7.4162544768972896E-003 -0.37381164518325272       0.42556161417551952     
  0.38276553106212424        5.5816257690462751E-002   7.1563937181233755E-003 -0.36292652954639992       0.42367298561027217     
  0.38476953907815625        5.4344472610342726E-002   6.9075467978261598E-003 -0.35216392406103247       0.42184047422634047     
  0.38677354709418832        5.2919051264684075E-002   6.6701561345255339E-003 -0.34156407331248484       0.42007418459880291     
  0.38877755511022039        5.1544818177946650E-002   6.4448444541802636E-003 -0.33117970311943135       0.41838656659354384     
  0.39078156312625245        5.0227608880496794E-002   6.2323831628318992E-003 -0.32107581929716100       0.41679244563006329     
  0.39278557114228452        4.8973229288420399E-002   6.0335153197291500E-003 -0.31132200874194110       0.41530757891883169     
  0.39478957915831658        4.7785027639109669E-002   5.8485496411855324E-003 -0.30197155496216099       0.41394456740014884     
  0.39679358717434865        4.6660253500774573E-002   5.6767618960778237E-003 -0.29302709150943346       0.41270602608434637     
  0.39879759519038072        4.5586919437203277E-002   5.5158948715470823E-003 -0.28440670533855611       0.41157774676275805     
  0.40080160320641278        4.4544134329485528E-002   5.3622469913187773E-003 -0.27593835436734798       0.41052741379124830     
  0.40280561122244485        4.3507748059003176E-002   5.2116401571599734E-003 -0.26740397460907656       0.40951321992280676     
  0.40480961923847691        4.2459265695326653E-002   5.0609080839372385E-003 -0.25862046459533322       0.40849994573487208     
  0.40681362725450898        4.1392727557790880E-002   4.9090149816023339E-003 -0.24951108887406853       0.40747331647249480     
  0.40881763527054105        4.0315494579137794E-002   4.7571425987138032E-003 -0.24012585186243934       0.40644436499111702     
  0.41082164328657311        3.9243601373354163E-002   4.6078823950065073E-003 -0.23060958260086414       0.40544344480862071     
  0.41282565130260518        3.8195508746176374E-002   4.4641883022070181E-003 -0.22114837924582709       0.40450986821358947     
  0.41482965931863724        3.7187193295314946E-002   4.3285776473186710E-003 -0.21192154290827134       0.40368250064031186     
  0.41683366733466931        3.6228986193171595E-002   4.2026368667844706E-003 -0.20306460907296817       0.40299240400810415     
  0.41883767535070138        3.5323656075631357E-002   4.0867343068684272E-003 -0.19464050187038129       0.40245691684005486     
  0.42084168336673344        3.4466196713753609E-002   3.9800011840248522E-003 -0.18662661628321137       0.40207672818162415     
  0.42284569138276551        3.3646428189267441E-002   3.8807518470245651E-003 -0.17893453374336052       0.40183935726752029     
  0.42484969939879758        3.2854030382816618E-002   3.7872836200177401E-003 -0.17146330836138035       0.40172939007550690     
  0.42685370741482964        3.2083042911682250E-002   3.6985888532199431E-003 -0.16415440261401093       0.40173925511402125     
  0.42885771543086171        3.1332544519137313E-002   3.6144594741307364E-003 -0.15700592784353334       0.40187210803891144     
  0.43086172344689377        3.0603627188717467E-002   3.5350025183346289E-003 -0.15004032523712796       0.40213551524439278     
  0.43286573146292584        2.9896523054867039E-002   3.4601814925178877E-003 -0.14326912512017045       0.40253450683859843     
  0.43486973947895791        2.9211051934483787E-002   3.3898932462233145E-003 -0.13669827299111861       0.40307274246813668     
  0.43687374749498992        2.8548734907532878E-002   3.3243204711017630E-003 -0.13035821484586418       0.40375882314210154     
  0.43887775551102198        2.7912138027533350E-002   3.2638423962255436E-003 -0.12429863124090047       0.40460575479122557     
  0.44088176352705405        2.7300803444057699E-002   3.2083813240603534E-003 -0.11853115565714324       0.40561993727755324     
  0.44288577154308612        2.6709039934984559E-002   3.1570284296340511E-003 -0.11299091818143521       0.40679361300417849     
  0.44488977955911818        2.6129714510284896E-002   3.1086471562197506E-003 -0.10758596696890567       0.40811485298531791     
  0.44689378757515025        2.5559850958751736E-002   3.0628038874931452E-003 -0.10228396228518742       0.40958538741089712     
  0.44889779559118231        2.5000438365651436E-002   3.0197662201585291E-003  -9.7117679353646846E-002  0.41122249835638802     
  0.45090180360721438        2.4451123456406043E-002   2.9796289362377373E-003  -9.2104406969616054E-002  0.41304341258433463     
  0.45290581162324645        2.3908261564026308E-002   2.9419677515109969E-003  -8.7209686930796365E-002  0.41505817535022643     
  0.45490981963927851        2.3368926138642550E-002   2.9065124917522201E-003  -8.2411895065280169E-002  0.41728304301161095     
  0.45691382765531058        2.2833305076390586E-002   2.8735883488282435E-003  -7.7749470040936144E-002  0.41975116022478631     
  0.45891783567134264        2.2301111866664204E-002   2.8435188633860963E-003  -7.3262709025950126E-002  0.42250204614726711     
  0.46092184368737471        2.1768514831622166E-002   2.8160529358497105E-003  -6.8931906425886744E-002  0.42556903933144230     
  0.46292585170340678        2.1230872776833061E-002   2.7907778134126310E-003  -6.4717471833163065E-002  0.42898561039409744     
  0.46492985971943884        2.0686103903252148E-002   2.7676691735071483E-003  -6.0619551974672496E-002  0.43279452210042313     
  0.46693386773547091        2.0133582321440503E-002   2.7468468957539934E-003  -5.6653917730556301E-002  0.43703952662958323     
  0.46893787575150297        1.9572338391386269E-002   2.7281884496209744E-003  -5.2808988376158314E-002  0.44175334112489117     
  0.47094188376753504        1.9002090948096670E-002   2.7114882922639329E-003  -4.9063090249445204E-002  0.44695848721152154     
  0.47294589178356711        1.8424178935641813E-002   2.6966360136042506E-003  -4.5405399861569953E-002  0.45266937281482866     
  0.47494989979959917        1.7840826269056507E-002   2.6834721762414491E-003  -4.1820556604849256E-002  0.45888629155318855     
  0.47695390781563124        1.7254997891293825E-002   2.6717890094824391E-003  -3.8287925974031828E-002  0.46559428629639765     
  0.47895791583166331        1.6670195400830694E-002   2.6614728581927428E-003  -3.4800190663853814E-002  0.47277520693407932     
  0.48096192384769537        1.6088199969768204E-002   2.6524541388828660E-003  -3.1355696277245937E-002  0.48043455007775987     
  0.48296593186372744        1.5506056479789235E-002   2.6446115977447897E-003  -2.7948130755983663E-002  0.48864593038168952     
  0.48496993987975950        1.4915078685137114E-002   2.6378558399724667E-003  -2.4571876122702896E-002  0.49759587579466535     
  0.48697394789579157        1.4303191960927719E-002   2.6321241457307959E-003  -2.1226877578846986E-002  0.50757557910844076     
  0.48897795591182358        1.3662361095120569E-002   2.6273731233134316E-003  -1.7908460956157300E-002  0.51887412566398894     
  0.49098196392785565        1.2999357337658016E-002   2.6235391361361950E-003  -1.4616155962720647E-002  0.53155333867693844     
  0.49298597194388771        1.2345280454628913E-002   2.6206047398748739E-003  -1.1343747027058527E-002  0.54514784381396375     
  0.49498997995991978        1.1756604866899048E-002   2.6184708788087154E-003  -8.0919498296853840E-003  0.55840195609126020     
  0.49699398797595185        1.1305546787448139E-002   2.6171298356939513E-003  -4.8491414162439746E-003  0.56928647529386056     
  0.49899799599198391        1.1059496815481800E-002   2.6164579949118322E-003  -1.6218465291182977E-003  0.57551045459023287     
  0.50100200400801598        1.1059496815480163E-002   2.6164579949115967E-003   1.6218465291428287E-003  0.57551045459024952     
  0.50300601202404804        1.1305546787444113E-002   2.6171298356933831E-003   4.8491414162439243E-003  0.56928647529390008     
  0.50501002004008011        1.1756604866895060E-002   2.6184708788082084E-003   8.0919498296640729E-003  0.55840195609130094     
  0.50701402805611218        1.2345280454627672E-002   2.6206047398748458E-003   1.1343747027058296E-002  0.54514784381398818     
  0.50901803607214424        1.2999357337660751E-002   2.6235391361367206E-003   1.4616155962766374E-002  0.53155333867693577     
  0.51102204408817631        1.3662361095126098E-002   2.6273731233142509E-003   1.7908460956234114E-002  0.51887412566396474     
  0.51302605210420837        1.4303191960932391E-002   2.6321241457313623E-003   2.1226877578896519E-002  0.50757557910841244     
  0.51503006012024044        1.4915078685137098E-002   2.6378558399722651E-003   2.4571876122660909E-002  0.49759587579464659     
  0.51703406813627251        1.5506056479785542E-002   2.6446115977441001E-003   2.7948130755890498E-002  0.48864593038168402     
  0.51903807615230457        1.6088199969765050E-002   2.6524541388823048E-003   3.1355696277190738E-002  0.48043455007775610     
  0.52104208416833664        1.6670195400829226E-002   2.6614728581924748E-003   3.4800190663863070E-002  0.47277520693407632     
  0.52304609218436870        1.7254997891292527E-002   2.6717890094825870E-003   3.8287925974105790E-002  0.46559428629642807     
  0.52505010020040077        1.7840826269054085E-002   2.6834721762417804E-003   4.1820556604921066E-002  0.45888629155324800     
  0.52705410821643284        1.8424178935640891E-002   2.6966360136041804E-003   4.5405399861533566E-002  0.45266937281483410     
  0.52905811623246490        1.9002090948105399E-002   2.7114882922640790E-003   4.9063090249372485E-002  0.44695848721143094     
  0.53106212424849697        1.9572338391401125E-002   2.7281884496218435E-003   5.2808988376147316E-002  0.44175334112479392     
  0.53306613226452904        2.0133582321439730E-002   2.7468468957542740E-003   5.6653917730519178E-002  0.43703952662961393     
  0.53507014028056110        2.0686103903230228E-002   2.7676691735067311E-003   6.0619551974648495E-002  0.43279452210061981     
  0.53707414829659317        2.1230872776814128E-002   2.7907778134127889E-003   6.4717471833293835E-002  0.42898561039430078     
  0.53907815631262523        2.1768514831622812E-002   2.8160529358493241E-003   6.8931906425988121E-002  0.42556903933140677     
  0.54108216432865730        2.2301111866680920E-002   2.8435188633845567E-003   7.3262709025867082E-002  0.42250204614699438     
  0.54308617234468937        2.2833305076416011E-002   2.8735883488286962E-003   7.7749470040935909E-002  0.41975116022458570     
  0.54509018036072143        2.3368926138655384E-002   2.9065124917548417E-003   8.2411895065390095E-002  0.41728304301168456     
  0.54709418837675350        2.3908261564002640E-002   2.9419677515109413E-003   8.7209686930621699E-002  0.41505817535042799     
  0.54909819639278556        2.4451123456372990E-002   2.9796289362355307E-003   9.2104406969345395E-002  0.41304341258446081     
  0.55110220440881763        2.5000438365661515E-002   3.0197662201598583E-003   9.7117679353900338E-002  0.41122249835639568     
  0.55310621242484970        2.5559850958786091E-002   3.0628038874952130E-003  0.10228396228561260       0.40958538741076012     
  0.55511022044088176        2.6129714510280830E-002   3.1086471562153089E-003  0.10758596696863056       0.40811485298505812     
  0.55711422845691383        2.6709039934960328E-002   3.1570284296293305E-003  0.11299091818086408       0.40679361300405886     
  0.55911823647294590        2.7300803444083442E-002   3.2083813240676045E-003  0.11853115565733700       0.40561993727782036     
  0.56112224448897796        2.7912138027580524E-002   3.2638423962379017E-003  0.12429863124139433       0.40460575479164973     
  0.56312625250501003        2.8548734907501708E-002   3.3243204710995725E-003  0.13035821484529139       0.40375882314218897     
  0.56513026052104198        2.9211051934397093E-002   3.3898932462081512E-003  0.13669827298999740       0.40307274246783337     
  0.56713426853707405        2.9896523054872715E-002   3.4601814925143671E-003  0.14326912512066420       0.40253450683835540     
  0.56913827655310611        3.0603627188836267E-002   3.5350025183493927E-003  0.15004032523940714       0.40213551524445201     
  0.57114228456913818        3.1332544519175901E-002   3.6144594741362242E-003  0.15700592784470577       0.40187210803896900     
  0.57314629258517025        3.2083042911522267E-002   3.6985888531980461E-003  0.16415440261206499       0.40173925511383368     
  0.57515030060120231        3.2854030382660077E-002   3.7872836199979044E-003  0.17146330835840765       0.40172939007541192     
  0.57715430861723438        3.3646428189413262E-002   3.8807518470498617E-003  0.17893453374297763       0.40183935726795922     
  0.57915831663326645        3.4466196714164836E-002   3.9800011840863308E-003  0.18662661628567839       0.40207672818233092     
  0.58116232464929851        3.5323656075886299E-002   4.0867343068998977E-003  0.19464050187218024       0.40245691684015211     
  0.58316633266533058        3.6228986192910796E-002   4.2026368667336111E-003  0.20306460907144480       0.40299240400711622     
  0.58517034068136264        3.7187193294681224E-002   4.3285776472144939E-003  0.21192154290545498       0.40368250063889372     
  0.58717434869739471        3.8195508745726560E-002   4.4641883021420432E-003  0.22114837924646016       0.40450986821302759     
  0.58917835671342678        3.9243601373497965E-002   4.6078823950444518E-003  0.23060958260647488       0.40544344480954725     
  0.59118236472945884        4.0315494579710613E-002   4.7571425988210386E-003  0.24012585186827967       0.40644436499281061     
  0.59318637274549091        4.1392727558242810E-002   4.9090149816816185E-003  0.24951108887295584       0.40747331647356089     
  0.59519038076152297        4.2459265695332704E-002   5.0609080839315798E-003  0.25862046458495602       0.40849994573461462     
  0.59719438877755504        4.3507748058838787E-002   5.2116401571172186E-003  0.26740397459555720       0.40951321992190065     
  0.59919839679358711        4.4544134329723567E-002   5.3622469913411196E-003  0.27593835436113340       0.41052741379100660     
  0.60120240480961917        4.5586919437970830E-002   5.5158948716637233E-003  0.28440670534576779       0.41157774676364484     
  0.60320641282565124        4.6660253501355990E-002   5.6767618961736082E-003  0.29302709152654327       0.41270602608525692     
  0.60521042084168331        4.7785027638448239E-002   5.8485496410820449E-003  0.30197155497910072       0.41394456739935143     
  0.60721442885771537        4.8973229286131091E-002   6.0335153193561680E-003  0.31132200875009958       0.41530757891570186     
  0.60921843687374744        5.0227608877436429E-002   6.2323831623282804E-003  0.32107581929432816       0.41679244562592099     
  0.61122244488977950        5.1544818175896005E-002   6.4448444538453787E-003  0.33117970310870137       0.41838656659099627     
  0.61322645290581157        5.2919051265462862E-002   6.6701561346716185E-003  0.34156407329817667       0.42007418460031204     
  0.61523046092184364        5.4344472614834126E-002   6.9075467986103390E-003  0.35216392404493319       0.42184047423285331     
  0.61723446893787570        5.5816257697978260E-002   7.1563937194337604E-003  0.36292652952638566       0.42367298562053762     
  0.61923847695390777        5.7330768608793589E-002   7.4162544783719390E-003  0.37381164515602039       0.42556161418657573     
  0.62124248496993983        5.8885378822515537E-002   7.6868391135961663E-003  0.38478905197303181       0.42749808817575885     
  0.62324649298597190        6.0478231969506427E-002   7.9679717125443750E-003  0.39583589696897720       0.42947547275956099     
  0.62525050100200397        6.2108038721927598E-002   8.2595597735507474E-003  0.40693461920048163       0.43148783939907098     
  0.62725450901803603        6.3773929231292048E-002   8.5615743189694175E-003  0.41807152261709585       0.43353008964105028     
  0.62925851703406810        6.5475350666923685E-002   8.8740383466528756E-003  0.42923584904160739       0.43559787439363895     
  0.63126252505010017        6.7211995780208450E-002   9.1970201994666829E-003  0.44041918972321731       0.43768754896632850     
  0.63326653306613223        6.8983751825744830E-002   9.5306289955515416E-003  0.45161510416257894       0.43979612084545500     
  0.63527054108216430        7.0790663348678493E-002   9.8750103109421263E-003  0.46281884607515505       0.44192116902996953     
  0.63727454909819636        7.2632905451666771E-002   1.0230341397387585E-002  0.47402712261403640       0.44406073425669468     
  0.63927855711422843        7.4510765817496966E-002   1.0596826093007541E-002  0.48523783871572496       0.44621319413258753     
  0.64128256513026050        7.6424633945393519E-002   1.0974690036259406E-002  0.49644980622696644       0.44837714339255058     
  0.64328657314629256        7.8374995172122874E-002   1.1364176759592918E-002  0.50766242604379497       0.45055129715501330     
  0.64529058116232463        8.0362425922254607E-002   1.1765544843007694E-002  0.51887537574766884       0.45273442679765952     
  0.64729458917835669        8.2387585991165288E-002   1.2179065778329338E-002  0.53008834714734332       0.45492532802870506     
  0.64929859719438876        8.4451204311868769E-002   1.2605021832759217E-002  0.54130087308095487       0.45712281278879330     
  0.65130260521042083        8.6554056905771781E-002   1.3043703275667062E-002  0.55251226345726867       0.45932571407011824     
  0.65330661322645289        8.8696938457552638E-002   1.3495404782582406E-002  0.56372164200452712       0.46153289566996741     
  0.65531062124248496        9.0880631437203596E-002   1.3960421442682919E-002  0.57492804841681211       0.46374326406703564     
  0.65731462925851702        9.3105878295859035E-002   1.4439045406384615E-002  0.58613055925343993       0.46595578525490378     
  0.65931863727454909        9.5373360962994785E-002   1.4931564326661706E-002  0.59732838406504984       0.46816951266719631     
  0.66132264529058116        9.7683689640310087E-002   1.5438262298682745E-002  0.60852090880400955       0.47038362858629978     
  0.66332665330661322       0.10003740239729815        1.5959423502812767E-002  0.61970768687265809       0.47259749405458473     
  0.66533066132264529       0.10243497405064250        1.6495337972947530E-002  0.63088839901311411       0.47481069861015573     
  0.66733466933867724       0.10487683054355769        1.7046308041213744E-002  0.64206280893482603       0.47702309612547528     
  0.66933867735470931       0.10736337087650621        1.7612654181362247E-002  0.65323074516886115       0.47923480595418716     
  0.67134268537074138       0.10989499827645091        1.8194719298032961E-002  0.66439212413259041       0.48144616814244046     
  0.67334669338677344       0.11247215012315123        1.8792870136792688E-002  0.67554699735901169       0.48365766558718870     
  0.67535070140280551       0.11509532314789225        1.9407495971149553E-002  0.68669561410848523       0.48586982934329620     
  0.67735470941883758       0.11776510348022945        2.0039005466427135E-002  0.69783847818364730       0.48808312285337513     
  0.67935871743486964       0.12048218955931536        2.0687822312921138E-002  0.70897635499400458       0.49029784093150591     
  0.68136272545090171       0.12324737822905568        2.1354382045227743E-002  0.72011023297179688       0.49251411014835539     
  0.68336673346693377       0.12606153004201273        2.2039131157435797E-002  0.73124125514506733       0.49473195841347134     
  0.68537074148296584       0.12892556512036105        2.2742526815525212E-002  0.74237061102321222       0.49695132594142238     
  0.68737474949899791       0.13184048560751749        2.3465039239497058E-002  0.75349944730945917       0.49917205369743051     
  0.68937875751502997       0.13480731533138693        2.4207154511360345E-002  0.76462879459976885       0.50139403049978637     
  0.69138276553106204       0.13782699115077368        2.4969374124853144E-002  0.77575950704136543       0.50361737898645642     
  0.69338677354709410       0.14090045091856912        2.5752214256667967E-002  0.78689227804027284       0.50584226664237830     
  0.69539078156312617       0.14402892838396672        2.6556201197377494E-002  0.79802766200204067       0.50806833456946832     
  0.69739478957915824       0.14721398523908638        2.7381868417670496E-002  0.80916613828869033       0.51029465872156166     
  0.69939879759519030       0.15045680958238553        2.8229751672171514E-002  0.82030815456497341       0.51252095007272536     
  0.70140280561122237       0.15375812692873134        2.9100379798045039E-002  0.83145414266927842       0.51474757166705376     
  0.70340681362725443       0.15711907801724564        2.9994277284597241E-002  0.84260444982090765       0.51697406671078827     
  0.70541082164328650       0.16054121381844350        3.0911973750378057E-002  0.85375924899123479       0.51919931962536148     
  0.70741482965931857       0.16402571578504627        3.1854007281416651E-002  0.86491849462772041       0.52142288055186581     
  0.70941883767535063       0.16757291805250232        3.2820921207677371E-002  0.87608189911135526       0.52364563165338474     
  0.71142284569138270       0.17118275846000433        3.3813258913170052E-002  0.88724899391834411       0.52586894278696561     
  0.71342685370741477       0.17485530729718385        3.4831557931164714E-002  0.89841923701250503       0.52809378737197310     
  0.71543086172344683       0.17859084165170225        3.5876344882042596E-002  0.90959211066011147       0.53032062883150788     
  0.71743486973947890       0.18238978328123467        3.6948135585772250E-002  0.92076716623221377       0.53254955793295722     
  0.71943887775551096       0.18625274593887906        3.8047442423919241E-002  0.93194400310873537       0.53478031157745964     
  0.72144288577154303       0.19018059206752369        3.9174786657600109E-002  0.94312220854583895       0.53701230888232043     
  0.72344689378757510       0.19417436707577296        4.0330710198756690E-002  0.95430130882832376       0.53924484687652141     
  0.72545090180360716       0.19823512744981461        4.1515781023307531E-002  0.96548077432494239       0.54147737761707571     
  0.72745490981963923       0.20236377113647150        4.2730589637288492E-002  0.97666008677648342       0.54370969696321425     
  0.72945891783567129       0.20656096751335765        4.3975739118420565E-002  0.98783883642895431       0.54594194424571107     
  0.73146292585170336       0.21082722024913883        4.5251835182426044E-002  0.99901679282718314       0.54817443146337264     
  0.73346693386773543       0.21516302559886591        4.6559482855889005E-002   1.0101939025030862       0.55040740795705001     
  0.73547094188376749       0.21956903830637711        4.7899292158338609E-002   1.0213702087416925       0.55264089061117183     
  0.73747494989979956       0.22404615020845967        4.9271889045042219E-002   1.0325457398740125       0.55487464666184050     
  0.73947895791583163       0.22859543477295724        5.0677923911444822E-002   1.0437204367431849       0.55710832583945502     
  0.74148296593186369       0.23321799408384020        5.2118071435396630E-002   1.0548941638223901       0.55934164899114369     
  0.74348697394789576       0.23791481106883217        5.3593021919410441E-002   1.0660667864364053       0.56157452858679480     
  0.74549098196392782       0.24268670816083299        5.5103471007847689E-002   1.0772382466174140       0.56380704794007641     
  0.74749498997995989       0.24753443687514692        5.6650116064833944E-002   1.0884085741745693       0.56603932796241663     
  0.74949899799599196       0.25245882282002396        5.8233661904926168E-002   1.0995778254217892       0.56827139002252369     
  0.75150300601202402       0.25746084507400935        5.9854830366774976E-002   1.1107460027801019       0.57050312122383107     
  0.75350701402805609       0.26254157785694804        6.1514364421502439E-002   1.1219130220688254       0.57273436584584603     
  0.75551102204408815       0.26770203002799370        6.3213021634159511E-002   1.1330787501832875       0.57496506915503964     
  0.75751503006012022       0.27294299878662587        6.4951560912478890E-002   1.1442430756916229       0.57719536464311949     
  0.75951903807615229       0.27826504413405628        6.6730732904969697E-002   1.1554059498088345       0.57942554580156014     
  0.76152304609218435       0.28366860229903923        6.8551282033147226E-002   1.1665673613921845       0.58165594872686133     
  0.76352705410821642       0.28915416478660283        7.0413958504196697E-002   1.1777272633744928       0.58388681967865008     
  0.76553106212424848       0.29472242298800005        7.2319530330868700E-002   1.1888855095615243       0.58611822653100043     
  0.76753507014028055       0.30037431884719940        7.4268785938696791E-002   1.2000418575445886       0.58835003098928629     
  0.76953907815631251       0.30611100044900408        7.6262526798238875E-002   1.2111960428893422       0.59058191642889879     
  0.77154308617234457       0.31193371731666875        7.8301558787501502E-002   1.2223478702337569       0.59281346755072306     
  0.77354709418837664       0.31784370188260563        8.0386692104533516E-002   1.2334972513664195       0.59504428941781606     
  0.77555110220440870       0.32384208298179584        8.2518751037311613E-002   1.2446441668636388       0.59727412228545029     
  0.77755511022044077       0.32992986241743194        8.4698584967384943E-002   1.2557885972079492       0.59950289170133420     
  0.77955911823647284       0.33610794938083965        8.6927070150927682E-002   1.2669304912887989       0.60173066847634538     
  0.78156312625250490       0.34237721188162706        8.9205100596242579E-002   1.2780697941410297       0.60395757963140606     
  0.78356713426853697       0.34873850588656558        9.1533577137829544E-002   1.2892064920865229       0.60618374163059108     
  0.78557114228456904       0.35519268080059380        9.3913405180886436E-002   1.3003406191009892       0.60840924926171458     
  0.78757515030060110       0.36174058587507296        9.6345501541742595E-002   1.3114722118096924       0.61063419385604356     
  0.78957915831663317       0.36838308527382424        9.8830800689344536E-002   1.3226012535726426       0.61285866997237037     
  0.79158316633266523       0.37512106020641939       0.10137025072458947        1.3337276535059528       0.61508276016310592     
  0.79358717434869730       0.38195539017430979       0.10396480074372953        1.3448512721731245       0.61730651289270966     
  0.79559118236472937       0.38888693885321618       0.10661538950276801        1.3559719593048134       0.61952992406736174     
  0.79759519038076143       0.39591656690507082       0.10932294517248793        1.3670895650836337       0.62175293197209236     
  0.79959919839679350       0.40304514842168271       0.11208839749621287        1.3782039205445265       0.62397544443003505     
  0.80160320641282556       0.41027356022226169       0.11491269560955457        1.3893148259828845       0.62619739845024824     
  0.80360721442885763       0.41760266882840047       0.11779682057474802        1.4004220848450850       0.62841880050973864     
  0.80561122244488970       0.42503337219319637       0.12074178670241364        1.4115255793900898       0.63063969212940008     
  0.80761523046092176       0.43256668677159632       0.12374863490832483        1.4226253319484026       0.63286006457817112     
  0.80961923847695383       0.44020379597479803       0.12681842789606351        1.4337214913076139       0.63507981381686085     
  0.81162324649298589       0.44794598565003579       0.12995224244876860        1.4448142043041490       0.63729877311133143     
  0.81362725450901796       0.45579450404036287       0.13315115412353276        1.4559034534674558       0.63951677868809786     
  0.81563126252505003       0.46375043929916371       0.13641622177114290        1.4669890124646965       0.64173371906193355     
  0.81763527054108209       0.47181465473195439       0.13974848072621962        1.4780705541984918       0.64394956234012080     
  0.81963927855711416       0.47998780089026349       0.14314895045540788        1.4891477861568505       0.64616436265625088     
  0.82164328657314623       0.48827045795658197       0.14661867054096414        1.5002205272068689       0.64837824128740340     
  0.82364729458917829       0.49666331498522975       0.15015873010678385        1.5112886673473718       0.65059132753335380     
  0.82565130260521036       0.50516728392142962       0.15377027733308368        1.5223521537469549       0.65280370160096346     
  0.82765531062124242       0.51378349077274610       0.15745450719871051        1.5334110493057800       0.65501537438525193     
  0.82965931863727449       0.52251321525992078       0.16121266081250021        1.5444656059323583       0.65722632611433796     
  0.83166332665330656       0.53135780446974401       0.16504602072328786        1.5555161668154389       0.65943655026368619     
  0.83366733466933862       0.54031860634331663       0.16895589551774845        1.5665629927600691       0.66164606135037929     
  0.83567134268537069       0.54939691321139517       0.17294357456159401        1.5776061547881397       0.66385483995595007     
  0.83767535070140275       0.55859396174701026       0.17701030672828585        1.5886456232944424       0.66606279698767334     
  0.83967935871743482       0.56791096544270647       0.18115733265773157        1.5996814095480190       0.66826982192265783     
  0.84168336673346689       0.57734903675925553       0.18538591220775688        1.6107135306752174       0.67047588034908556     
  0.84368737474949895       0.58690897914180196       0.18969728365521646        1.6217418144084093       0.67268105551528590     
  0.84569138276553102       0.59659111609483095       0.19409257948034042        1.6327657572297380       0.67488549286204558     
  0.84769539078156309       0.60639557125544596       0.19857285801286731        1.6437847329776640       0.67708929997782519     
  0.84969939879759515       0.61632294158733925       0.20313923216792010        1.6547983189879125       0.67929239762088345     
  0.85170340681362722       0.62637432802565962       0.20779278001366172        1.6658059918659940       0.68149436572612154     
  0.85370741482965928       0.63655120750264005       0.21253469449199600        1.6768074493028797       0.68369477707389292     
  0.85571142284569135       0.64685419929247467       0.21736605782688975        1.6878021074510765       0.68589349086322138     
  0.85771543086172342       0.65728317078419229       0.22228792632469818        1.6987893783975223       0.68809071681820189     
  0.85971943887775548       0.66783831267119498       0.22730134843818642        1.7097686958521336       0.69028646648518088     
  0.86172344689378755       0.67851976391388746       0.23240702707682298        1.7207387667686040       0.69248025443689221     
  0.86372745490981961       0.68932794125678287       0.23760590495137945        1.7316988477509176       0.69467183537947252     
  0.86573146292585168       0.70026258713459244       0.24289896066920610        1.7426482720641876       0.69686135994315346     
  0.86773547094188375       0.71132382904275027       0.24828735111093281        1.7535867785723538       0.69904902870623509     
  0.86973947895791581       0.72251227504695614       0.25377218582226319        1.7645140360663145       0.70123472334082615     
  0.87174348697394788       0.73382816596403122       0.25935432556384541        1.7754292959944100       0.70341816158387127     
  0.87374749498997983       0.74527131766365728       0.26503427488404635        1.7863311050567925       0.70559880229589922     
  0.87575150300601190       0.75684206966655765       0.27081266001926529        1.7972182314590230       0.70777605697240731     
  0.87775551102204397       0.76853859643717015       0.27668952114638318        1.8080884404526170       0.70994962195562505     
  0.87975951903807603       0.78035685736499116       0.28266441197456399        1.8189389758774375       0.71211963240327536     
  0.88176352705410810       0.79229613891695094       0.28873767808158951        1.8297686532707853       0.71428573670650197     
  0.88376753507014016       0.80435610870946539       0.29490947065593992        1.8405757708631467       0.71644720942262563     
  0.88577154308617223       0.81653427282186497       0.30117947790734895        1.8513580165754051       0.71860377897526695     
  0.88777555110220430       0.82882683002617841       0.30754642343407285        1.8621117955332840       0.72075465778997982     
  0.88977955911823636       0.84123255447424194       0.31400988285669124        1.8728352474254799       0.72289902803681216     
  0.89178356713426843       0.85373886203202753       0.32056476829341934        1.8835188971882137       0.72503569303296000     
  0.89378757515030050       0.86634543615963910       0.32721094903394493        1.8941619303126356       0.72716402623194687     
  0.89579158316633256       0.87903810217286127       0.33394222721699213        1.9047537656179749       0.72928257587777279     
  0.89779559118236463       0.89179332449293869       0.34074560167459284        1.9152749345125697       0.73138666638335559     
  0.89979959919839669       0.90460273152664072       0.34761786256554578        1.9257213076548816       0.73347634615555801     
  0.90180360721442876       0.91742520774690117       0.35453460141260701        1.9360579756242500       0.73554288192570405     
  0.90380761523046083       0.93022929445731217       0.36148283018876370        1.9462691577786151       0.73758631234129179     
  0.90581162324649289       0.94292480361093134       0.36840776638057954        1.9562800498778856       0.73958803459245448     
  0.90781563126252496       0.95543534012632669       0.37526653563713308        1.9660379511087034       0.74153778649808211     
  0.90981963927855702       0.96751667461738677       0.38192889149875153        1.9753700465819337       0.74340597053959623     
  0.91182364729458909       0.97872378387484593       0.38813958251252589        1.9839458831006447       0.74512290528702185     
  0.91382765531062116       0.98822719291402206       0.39342452054505295        1.9911508202126198       0.74656277238605195     
  0.91583166332665322       0.99506271470578911       0.39724062201981897        1.9963029058456272       0.74759367394141918     
  0.91783567134268529       0.99875491906003222       0.39930390145353362        1.9990694887573282       0.74814594945047153     
  0.91983967935871735       0.99987407843079190       0.39992964398658665        1.9999060225931291       0.74831277827921261     
  0.92184368737474942       0.99998264527938663       0.39999030306819799        1.9999870460785512       0.74832890019835618     
  0.92384769539078149       0.99999653313155079       0.39999806129833171        1.9999974096791142       0.74833096104685992     
  0.92585170340681355       0.99999964078513881       0.39999979916764844        1.9999997316607547       0.74833142389919804     
  0.92785571142284562       0.99999993263775122       0.39999996231442753        1.9999999496436738       0.74833146730780797     
  0.92985971943887769       0.99999999127009331       0.39999999511530454        1.9999999934729191       0.74833147605200601     
  0.93186372745490975       0.99999999970399045       0.39999999983464501        1.9999999997791613       0.74833147731086946     
  0.93386773547094182       0.99999999987942778       0.39999999993250623        1.9999999999099101       0.74833147733676753     
  0.93587174348697388       0.99999999997283229       0.39999999998477542        1.9999999999797564       0.74833147735071215     
  0.93787575150300595       0.99999999999791478       0.39999999999881464        1.9999999999985205       0.74833147735445971     
  0.93987975951903802       0.99999999999969535       0.39999999999981073        1.9999999999998506       0.74833147735472516     
  0.94188376753507008       0.99999999999991140       0.39999999999993141        2.0000000000000102       0.74833147735475725     
  0.94388777555110215       0.99999999999995548       0.39999999999995617        2.0000000000000426       0.74833147735476391     
  0.94589178356713421       0.99999999999995948       0.39999999999995828        2.0000000000000475       0.74833147735476435     
  0.94789579158316628       0.99999999999995814       0.39999999999995989        2.0000000000000493       0.74833147735476635     
  0.94989979959919835       0.99999999999995914       0.39999999999996083        2.0000000000000502       0.74833147735476691     
  0.95190380761523041       0.99999999999996358       0.39999999999996189        2.0000000000000502       0.74833147735476624     
  0.95390781563126248       0.99999999999996581       0.39999999999996333        2.0000000000000497       0.74833147735476668     
  0.95591182364729455       0.99999999999996625       0.39999999999996205        2.0000000000000511       0.74833147735476535     
  0.95791583166332661       0.99999999999996592       0.39999999999996211        2.0000000000000497       0.74833147735476557     
  0.95991983967935868       0.99999999999996292       0.39999999999996111        2.0000000000000502       0.74833147735476579     
  0.96192384769539074       0.99999999999996037       0.39999999999996061        2.0000000000000506       0.74833147735476624     
  0.96392785571142281       0.99999999999995792       0.39999999999995961        2.0000000000000520       0.74833147735476624     
  0.96593186372745488       0.99999999999995615       0.39999999999995856        2.0000000000000542       0.74833147735476591     
  0.96793587174348694       0.99999999999995670       0.39999999999995967        2.0000000000000533       0.74833147735476668     
  0.96993987975951901       0.99999999999995604       0.39999999999995889        2.0000000000000546       0.74833147735476624     
  0.97194388777555107       0.99999999999995615       0.39999999999995928        2.0000000000000546       0.74833147735476657     
  0.97394789579158314       0.99999999999995548       0.39999999999995917        2.0000000000000555       0.74833147735476668     
  0.97595190380761510       0.99999999999995570       0.39999999999995856        2.0000000000000555       0.74833147735476602     
  0.97795591182364716       0.99999999999995659       0.39999999999995944        2.0000000000000542       0.74833147735476657     
  0.97995991983967923       0.99999999999995914       0.39999999999996028        2.0000000000000537       0.74833147735476635     
  0.98196392785571129       0.99999999999996003       0.39999999999996172        2.0000000000000533       0.74833147735476735     
  0.98396793587174336       0.99999999999995948       0.39999999999996133        2.0000000000000542       0.74833147735476724     
  0.98597194388777543       0.99999999999995959       0.39999999999996066        2.0000000000000551       0.74833147735476657     
  0.98797595190380749       0.99999999999995992       0.39999999999995867        2.0000000000000568       0.74833147735476457     
  0.98997995991983956       0.99999999999996192       0.39999999999995944        2.0000000000000568       0.74833147735476457     
  0.99198396793587162       0.99999999999996347       0.39999999999995883        2.0000000000000560       0.74833147735476335     
  0.99398797595190369       0.99999999999996469       0.39999999999995828        2.0000000000000546       0.74833147735476246     
  0.99599198396793576       0.99999999999996492       0.39999999999995833        2.0000000000000551       0.74833147735476246     
  0.99799599198396782       0.99999999999996514       0.39999999999995917        2.0000000000000542       0.74833147735476313     
  0.99999999999999989       0.99999999999997247       0.39999999999996599        2.0000000000000453       0.74833147735476668     
